ingreso_mensual,nivel_endeudamiento,num_transacciones,gasto_total,ratio_gasto_ingreso,gasto_alimentacion,gasto_transporte,gasto_salud,gasto_vivienda,gasto_educacion,gasto_ocio,gasto_servicios,gasto_otros,pct_alimentacion,pct_transporte,pct_salud,pct_vivienda,pct_educacion,pct_ocio,pct_servicios,pct_otros,gasto_promedio_transaccion,frecuencia_ahorro_cod,dominante_alimentacion,dominante_educacion,dominante_ocio,dominante_otros,dominante_salud,dominante_servicios,dominante_transporte,dominante_vivienda,perfil_financiero
2.2805026463587343,0.07996687721159981,0.0031201036243122936,0.2211152546300998,-0.9538363938419463,-0.29190948280953605,0.5518487625090571,0.3047846402418577,0.44334931241844605,0.10273611832354287,-0.5223648218813502,0.0753633808743495,-0.6036199169917303,-0.4802914883293291,0.3358043006658898,0.181205922474224,0.5426625015679777,0.0734690291141392,-0.5928398458254064,-0.08503210153745475,-0.6246051562988163,0.38802221003386567,0.0,0,0,0,0,0,0,0,1,En observacion
-0.018985035963400308,-0.7392530555426867,-0.17841319815387252,0.9648643301257905,0.2803900035196943,-0.14101246826632238,0.5285380861957764,1.4850857924936713,1.559237967656797,-0.7378750599727132,0.3435643144565065,-0.4104403766265431,-1.0538044877422499,-0.6593401801994833,-0.058301924754692695,0.7699611791511602,1.2282374081622376,-0.7534672328467352,-0.1531169553676087,-0.637655251032781,-0.9889579071615227,2.1893619176977057,1.0,0,0,0,0,0,0,0,1,En observacion
-1.1810310849656913,1.2414636311851426,-0.5414798017102421,-0.4934162348086632,0.7698246093699999,-0.1993604762006132,-1.0378020027855213,-0.1364542646017818,0.29299966956798384,-0.7378750599727132,-0.524997511229146,0.5007389140042701,-0.29408331874176963,0.1316443518662782,-0.9490425813075362,0.0542737925595033,0.8216574799172104,-0.7534672328467352,-0.38504439670955903,0.7424267746378943,-0.17927240416785398,-0.038882018017607725,0.0,0,0,0,0,0,0,0,1,En riesgo
-0.7124874462488088,0.3436883624133219,0.1846534054024971,0.04645335094896869,0.4479681566097445,-0.7714499085762717,-0.9775659223988634,2.6332558459577653,-0.965370836925427,0.898131914002129,-0.7568246132264769,1.3652681749412887,1.1022424635226613,-0.9203012702094944,-1.0072511302941634,2.4390420568607407,-1.039926408222551,0.9564941535092252,-0.7573754865835411,1.1602720567919527,0.8650600562239548,-0.2210339348786022,0.0,0,0,0,0,1,0,0,0,En riesgo
-0.1609384613672625,1.2134081540360233,-0.9045464052666118,-1.119250613457815,-0.8128579475915865,-0.6832305101258197,-0.7322180242176605,0.7650955130793775,-0.965370836925427,-0.7378750599727132,1.5601676719207604,-1.1977557953117643,-1.0538044877422499,0.026456832026145738,-0.21819794983601068,1.9219631958518073,-1.039926408222551,-0.7534672328467352,3.094191186352306,-1.1783769399676514,-0.9889579071615227,-0.83296995304919,1.0,0,0,0,0,1,0,0,0,En observacion
0.4770312298146428,-1.5472507974373253,-0.17841319815387252,0.009937440195359939,-0.5202611723549907,0.16313524042303257,-0.37884109923972803,0.7757589040513252,0.6223132290250967,-0.7378750599727132,-1.0152042677887196,0.13809962770393494,-1.0538044877422499,0.15143417105859838,-0.4206598235489146,0.7214976321989186,0.8802577263839524,-0.7534672328467352,-0.9808678486794264,0.05666855679272254,-0.9889579071615227,0.316462340971931,1.0,0,0,0,0,0,0,0,1,Saludable
-0.2347747462570062,-1.564084083726797,-0.723013103488427,-1.0662193589646287,-0.7463586804923601,-0.370859451712658,-0.6475400735198502,0.10899162891552003,-0.965370836925427,-0.7378750599727132,0.3792184501952265,-0.9384179990530097,0.3328433178470156,0.5417991021279667,-0.12575571423807716,0.8073820121514914,-1.039926408222551,-0.7534672328467352,1.23249110761943,-0.785244222915402,0.9920348501954119,-1.0327252906418063,1.0,1,0,0,0,0,0,0,0,Saludable
-0.22174684638020434,0.11924454522036673,-0.5414798017102421,-0.647288235194091,-0.4963214361992692,-1.2644150254115543,-0.766638641581465,0.2271814601288276,0.3568036048690245,-0.05701139809162932,-0.7897708399217498,0.5860658048984667,-0.645663586154334,-1.293533263090937,-0.5606624248359707,0.5872913953458314,1.0592726272776296,0.19311533164382724,-0.6307035927492433,0.9866384437640866,-0.5221233092820868,-0.38378417895723344,2.0,0,0,0,0,0,0,0,1,Saludable
2.683653369425215,-0.6214200515163851,-0.35994649993205735,-0.18127623813065574,-1.1240745176159657,-0.9046797972110945,-0.47054861263859715,2.293953321771072,-0.965370836925427,1.2831968465971795,-0.6697202056622623,0.4354848244925609,-0.08481690506073514,-0.9858236842462388,-0.4320386332215934,2.40110594495682,-1.039926408222551,1.5463415590832865,-0.6296381666787828,0.4440732058898011,-0.08180029928528675,0.2771272262541363,0.0,0,0,0,0,1,0,0,0,En observacion
0.44902873237829855,-1.3564735528233134,-0.17841319815387252,0.29639364863130435,-0.37662275542066176,0.564481199381413,-0.36954914854292653,-0.04250368335113995,0.771121056807872,-0.02308720284656905,0.894322926015383,-1.1977557953117643,-1.0538044877422499,0.35968769936666317,-0.5185919114249875,-0.14757587788168167,0.8626615380658947,-0.06769068203095012,0.5337470755443076,-1.1783769399676514,-0.9889579071615227,0.8782893427953236,1.0,1,0,0,0,0,0,0,0,Saludable
-0.48485052550136476,0.7476872333606415,-1.2676130088229813,-0.41153170331162775,-0.1478652765993233,-1.7451177620933156,0.9085384699093277,-0.12907914397360631,1.0498041302922683,-0.7378750599727132,-1.3260872699155752,-0.5136019865191167,-0.025955768233090218,-2.007470847845096,1.2532637451725617,0.02435720786714379,1.8367942414151315,-0.7534672328467352,-1.2577437541330772,-0.43178484362055886,0.06810829029677382,2.240107121397944,0.0,0,0,0,0,0,0,0,1,En riesgo
-0.5009251800354735,-0.251087753148009,-0.5414798017102421,-0.6362618145209028,-0.29150369353365196,0.2800346607017442,-1.0100877498376695,-0.7013321343712657,-0.5968770357482723,-0.7378750599727132,1.2553022454460097,-0.1317291797303357,0.31673979928096174,0.9845764869784274,-0.8734944926520328,-0.5723984291913156,-0.45792754043104983,-0.7534672328467352,1.7445618081905208,0.10870059167917853,0.5704979356951444,-0.3590685951727508,1.0,1,0,0,0,0,0,0,0,En observacion
0.26249708193179844,-0.6382533378058568,-1.0860797070447965,-1.101520906207975,-0.9618163058938535,-1.0636258148408615,0.4454761269234969,-0.4821454283135184,-0.965370836925427,-0.7378750599727132,0.16679802967593288,-0.8607845163541916,0.98150573811609,-0.7161988594981379,1.676306679885042,-0.09307004897414844,-1.039926408222551,-0.7534672328467352,0.9690195112200674,-0.6566109048423999,1.9810450406966567,-0.39502843333415494,1.0,0,0,0,0,0,0,1,0,Saludable
-1.1577340668394034,0.3997993167115607,-0.9045464052666118,-1.224280913460464,-0.08934592155200409,-1.3691973544011227,-0.7701938227176326,-0.5983153220299371,-0.965370836925427,0.6871943059559776,-0.22246389531958555,0.4529698431184208,0.28477074518184997,-1.2378258153001196,-0.1930625499529785,-0.21676959438094293,-1.039926408222551,1.9776809583929564,0.5209699986049715,1.5834431306058583,1.1216454135864313,-1.1076314047863285,0.0,0,1,0,0,0,0,0,0,En observacion
-0.9694745782129561,-0.026643935955053818,0.3661867071806819,1.0767193530561177,1.8550926484293737,0.42709604922537286,-0.004011888087875464,2.284229436611631,1.2605566457944624,-0.7378750599727132,-0.5405679882289666,-1.1977557953117643,0.6925150083814393,-0.23526809405423965,-0.47353043112097243,1.2643045693825175,0.901420092412334,-0.7534672328467352,-0.7532470987810764,-1.1783769399676514,0.10828757963384676,1.224106948787017,1.0,0,0,0,0,0,0,0,1,En riesgo
0.05457479481755207,-0.9524746818759942,-0.723013103488427,-0.3574439525645127,-0.4910014948313311,-0.7909186164029525,-0.12856442721065636,-1.0748326701331925,0.5552896210827097,-0.7378750599727132,-1.1729399695695122,2.0958621932042205,-0.03515777884226381,-0.762077825083582,0.032010216771040934,-1.035483686209341,1.0817584023152234,-0.7534672328467352,-1.1003935337454906,2.334529213874584,0.034948487960882416,0.6781944555723227,0.0,0,0,0,0,0,0,0,1,En observacion
-1.0129066705962289,0.43346588929050406,-0.5414798017102421,-0.8924682279161954,0.046312583330417725,-0.9833682461583357,1.4644395202918983,-0.8414594263065982,-0.965370836925427,0.8531696970206162,-1.3260872699155752,-0.9051964636638758,-0.13392073753554962,-0.7266858311329601,2.7786793759546415,-0.7061970573241432,-1.039926408222551,1.750687390500568,-1.2577437541330772,-0.7763974232947966,0.20219156538681135,-0.9333520606848816,1.0,0,0,0,0,0,0,1,0,En observacion
-0.5658630982984891,-0.26792103943748086,1.0923199142934212,0.7952056041069441,0.8044042282615975,1.3960565435365626,-0.9083206898148717,-0.8691748477755376,-0.04794552414976637,1.325576774089889,-1.0468717596579202,0.47178372315984607,3.2946214911582747,0.7588353808894027,-1.0693963946111023,-0.883494589861141,-0.17623192381383176,0.9475834263494612,-1.0641736147344825,0.023142602051639857,1.9602783491180777,-0.2587789954282269,2.0,1,0,0,0,0,0,0,0,En observacion
0.6804323403580279,-0.4025873297532539,0.1846534054024971,0.22693205584425963,-0.5122812603030835,-0.6947083304116985,1.2468058750585473,-1.0748326701331925,0.44092322106193893,-0.7378750599727132,0.5098750615415484,-0.5690644656003444,2.466995830076306,-0.9057514783780838,0.9556352087653218,-1.035483686209341,0.5368485834909896,-0.7534672328467352,0.25814295024864076,-0.6395171712973675,1.8549991293358834,0.09360887513545472,1.0,0,0,0,0,0,0,1,0,En observacion
-0.32799737552575764,1.0282420048518355,-1.0860797070447965,-1.7739018382055085,-1.1506742244556563,-1.4869685078661035,-0.48719332432156365,-1.0748326701331925,-0.965370836925427,-0.7378750599727132,-1.1770770528303343,0.1814624738960675,0.812299801656027,-1.1809313542280044,1.3461882303133226,-1.035483686209341,-1.039926408222551,-0.7534672328467352,-0.8821664090947666,2.4303303202661772,3.612526031378634,-2.313198259113316,1.0,0,0,0,0,0,0,1,0,En observacion
1.5851456897601826,0.13607783150983863,0.5477200089588667,1.0016838317569656,-0.5548407912465882,-0.21644644665149124,0.7966714634769627,0.05976152434018375,0.8652397971897555,2.7809247501029772,-0.20757039558062665,-0.7838504344004079,-0.8070160825255334,-0.7353498952432457,0.11794143092966,-0.24313958671889657,0.588587528259227,1.987624328808197,-0.5250079135353192,-0.8969010131080021,-0.8307936648649943,0.7904700829232134,0.0,0,0,0,0,0,0,0,1,En observacion
-1.3926682241668245,1.4434630666588024,0.5477200089588667,0.03490475396636763,2.0971499806705576,0.5500976018079695,0.24771917622417394,-0.01849930984160089,-0.965370836925427,1.5009699268195742,-0.5309398671855993,0.665168029161857,-0.897528962741629,0.5659333550054956,0.17015501773928815,-0.04157945190451698,-1.039926408222551,1.596291551840766,-0.555928484063693,0.5285132305793349,-0.8540166367995463,-0.7264461498688156,1.0,1,0,0,0,0,0,0,0,En riesgo
0.4886019861596893,-0.7841418189812778,0.1846534054024971,-0.21444050559593886,-0.6266599997137527,-0.31573685656756323,-1.3107429545576617,0.6154792124377302,0.6499298577374872,-0.7378750599727132,-0.2648125839712719,-0.19306662506985225,0.3759182468192678,-0.2471580818058946,-1.302541192057393,0.7114148805195067,1.0866277684923553,-0.7534672328467352,-0.2288743023889357,-0.167264391408641,0.36705227200112095,-0.6758708431239239,1.0,0,0,0,0,0,0,0,1,Saludable
-0.1722500419853168,-0.7673085326918061,-0.17841319815387252,-0.37057122211045596,-0.36332290200081646,-0.5666507253487402,1.5068592952120798,-1.0748326701331925,-0.965370836925427,-0.7378750599727132,0.9353176601453457,0.9497541923163534,0.45239012808860724,-0.4608793794056279,1.8766981963375302,-1.035483686209341,-1.039926408222551,-0.7534672328467352,1.0785481853276568,1.1247574504525761,0.5333711112983334,-0.4298298831636492,2.0,0,0,0,0,0,0,1,0,Saludable
0.11473812024331341,-0.32403199373571967,-0.5414798017102421,-0.7455788177147801,-0.7277388857045768,-1.1671586595967773,-0.11737368658885615,1.0187620824561106,-0.965370836925427,-0.7378750599727132,1.9539427786553574,-0.5329753871565696,-0.09663672903286338,-1.1069677089511358,0.35313826252980135,1.7019255346487574,-1.039926408222551,-0.7534672328467352,2.7653166231006425,-0.331944592982594,0.1595803044028143,-0.6041012881550332,1.0,0,0,0,0,1,0,0,0,En observacion
-0.6718141354928516,1.7632955061587634,0.3661867071806819,0.5827405643513255,0.8097241696295356,1.1401156800478995,-0.9069874968888088,0.3650069628235191,0.36678005530699814,0.926283932742806,1.4570414691828173,-1.1977557953117643,-1.0538044877422499,0.6954894380464932,-1.037786383659187,0.09647822266007823,0.294188805223295,0.7059121850690662,0.7947536116618558,-1.1783769399676514,-0.9889579071615227,0.4082405425388961,1.0,1,0,0,0,0,0,0,0,En riesgo
-0.3738772386639556,-1.5023620339987345,-1.2676130088229813,-0.340455007055933,-0.1957447489107663,0.3249870353403636,-0.2642673071695995,-0.3667741145377303,0.6907652832801932,-0.7378750599727132,-0.7787887643566588,-1.1977557953117643,-1.0538044877422499,0.6753093023587459,-0.12957620734032574,-0.26543016862082297,1.2544781193545715,-0.7534672328467352,-0.6993923406752252,-1.1783769399676514,-0.9889579071615227,2.463151655149935,0.0,0,0,0,0,0,0,0,1,En observacion
0.07385170944516291,2.2009609496850264,1.273853216071606,0.680156805144625,0.048972554014386785,0.9292434222893587,1.4066678268291748,2.094355311904083,-0.965370836925427,-0.7378750599727132,-0.7128963109661132,0.33519075765462825,0.5125998354365622,0.42675737143031406,0.7491330172735603,1.3852566932630614,-1.039926408222551,-0.7534672328467352,-0.8183766067832832,-0.038142478160102966,0.10907250720411638,-0.61067487128714,2.0,1,0,0,0,0,0,0,0,En observacion
-0.43012989034243676,-1.0254189224637047,-0.723013103488427,-0.7023839076547245,-0.39258257952447606,-0.9328948946733439,-0.7775465837037974,-0.9313701325634625,0.9518081784901724,-0.7378750599727132,-0.807146589617202,0.5629855803123315,-0.9032405555335298,-0.7686811143176202,-0.548301992342055,-0.8518637318611253,2.08591011282985,-0.7534672328467352,-0.6346825545648376,1.0161649332894915,-0.8121048393693475,-0.15445940782781328,1.0,0,0,0,0,0,0,0,1,Saludable
-0.2973282478316948,-0.251087753148009,0.0031201036243122936,0.5085065229689467,0.2777300328357252,0.024239086077459084,-0.6709719491900458,0.2058546781849318,0.43344088323345853,0.757473086553207,-1.3260872699155752,3.504245473479987,-1.0538044877422499,-0.3121142163709966,-0.8327046475548942,-0.005695894203716673,0.3928753632554189,0.5877608811238849,-1.2577437541330772,2.503373073818262,-0.9889579071615227,0.918526620620152,0.0,0,0,0,0,0,1,0,0,En riesgo
-0.318137178978859,-1.474306556849615,0.3661867071806819,0.6758579583182939,0.40806859635020865,0.9882307012269138,-0.5746184604427761,2.345391265005799,-0.5937027106089171,1.1207657744387411,-0.433154262838899,0.631806613623716,-1.0538044877422499,0.4835712691812064,-0.7925584834917052,1.580286541402562,-0.6778313511965484,0.8321422576544372,-0.6171310445307678,0.18419428844638985,-0.9889579071615227,0.5620353112863912,1.0,1,0,0,0,0,0,0,0,En observacion
-0.4712754768675795,-0.5148092383497315,-1.0860797070447965,-0.27615445918750586,-0.06806615608025164,-1.2170799133971317,-0.1935676823026301,0.7049201657883414,1.4046483333701956,-0.7378750599727132,-0.604655168923881,-1.1977557953117643,-1.0538044877422499,-1.340949714386759,-0.09013335076116867,0.849760223766861,2.158099216884503,-0.7534672328467352,-0.5408827782130647,-1.1783769399676514,-0.9889579071615227,1.959578811671756,1.0,0,0,0,0,0,0,0,1,Saludable
0.2056800031145348,-0.28475432572695236,-0.9045464052666118,-0.0397786019148083,-0.4085424036282904,-1.0438955870583,1.4322812909238372,-0.24938286326505327,0.39537165531219093,1.446995013190866,-0.9854172683108017,-1.1977557953117643,-1.0538044877422499,-1.199582027783464,1.38495889798729,-0.2374051908586406,0.6359929319967804,1.6028636005583903,-0.9487708077422449,-1.1783769399676514,-0.9889579071615227,1.9899235338068333,1.0,0,0,0,0,0,0,1,0,En observacion
0.6730199145660539,1.8137953650271785,1.0923199142934212,0.2660831354151392,-0.49366146551530016,-1.1857265764643132,3.413001981196852,-0.8785699059006017,-0.2169103165674477,-0.5533679443413702,1.933332582046899,-0.12095840825680586,-0.518659974212205,-1.4283742114974334,2.841384765485177,-0.8649805716856855,-0.2116304732853597,-0.5746689940516619,1.3984902674862005,-0.2674252757717999,-0.5623039627831368,-0.9807050552445787,2.0,0,0,0,0,0,0,1,0,En observacion
0.5377820202215867,-0.868308250428636,0.0031201036243122936,0.3719513462398694,-0.38460266747256894,0.15203517118453683,-0.48549653332475634,-1.0748326701331925,1.5188560171339989,-0.7378750599727132,-0.02433521697404049,0.44422733380549084,0.1469785690772416,-0.11011699288448532,-0.6427167016680996,-1.035483686209341,1.6160147784200183,-0.7534672328467352,-0.2328829856490385,0.1635862397814606,-0.06408979080637314,0.6664552060573697,1.0,0,0,0,0,0,0,0,1,Saludable
0.08749587160614627,-1.1881406899285971,0.9107866125152364,0.17158136704647056,-0.230324367802364,0.42203999674501097,-0.7800109706277317,-0.4022874342504729,-0.965370836925427,0.2829394181402141,1.5685170581380556,2.834149619662531,0.2451069063492051,0.3086305928071916,-0.8498280820936494,-0.43230285419435466,-1.039926408222551,0.26777452401502855,1.1775248055929934,2.342925292906431,0.08013596526349615,-0.9285366295630753,0.0,1,0,0,0,0,0,0,0,En observacion
1.0439003798917212,0.9833532414132445,-1.630679612379351,-1.6254944736162642,-1.350172025753335,-0.0298664870169881,-0.9985334111451246,-1.0748326701331925,-0.965370836925427,-0.7378750599727132,-0.8068457108345967,-0.9340817144337964,-0.3172470006200343,2.758735536652513,-0.25170353874070633,-1.035483686209341,-1.039926408222551,-0.7534672328467352,-0.12193517796068104,-0.5796366944284621,0.5872772353547024,-0.6882717330422212,2.0,1,0,0,0,0,0,0,0,En observacion
1.2236704235940281,-0.06031050853399718,-1.630679612379351,-1.6211713395197278,-1.3687918205411185,-0.6441478056080799,-0.9140170595898675,-1.0748326701331925,-0.965370836925427,-0.7378750599727132,-0.6087922521847029,-0.30986654949059667,0.3051579583418294,1.0400881683823424,-0.05655380100245579,-1.035483686209341,-1.039926408222551,-0.7534672328467352,0.30527819186545413,0.8300746549426423,1.9080746525269598,-0.6713137939478017,0.0,1,0,0,0,0,0,0,0,En observacion
-0.4717074364125663,-1.3284180756741941,-1.2676130088229813,-1.0948783378068363,-0.6319799410816909,-1.256046386823369,-0.967869973845679,-1.0748326701331925,0.6131757073739527,0.3505346429941775,-1.3260872699155752,-0.3290301299045392,-0.9304499489727243,-1.0845141287821083,-0.6182134558333969,-1.035483686209341,2.1446208051620164,1.1692534105131942,-1.2577437541330772,0.1613542259060776,-0.8096772279145461,0.09570903438410158,0.0,0,0,0,0,0,0,0,1,En observacion
-0.3830232620964762,1.415407589509683,1.6369198196279757,2.4519981720640938,1.6502749057637562,0.7627714414848005,0.030045131205184688,2.0454540343631247,2.883067593273912,1.1493228581972696,-0.5301876702290862,-0.002969502569502952,-0.903002572500534,-0.5024760590605594,-0.7402586198396552,0.535892374720625,1.428910506239015,0.30666195677389496,-0.8817544057895659,-0.5924509008832266,-0.9192627227040625,1.1829899442074938,0.0,0,0,0,0,0,0,0,1,En riesgo
-0.02496335606601743,-0.8795304412882837,-0.5414798017102421,-0.11219109803179252,-0.3101234883214354,0.7290934827219302,-0.87103168767075,-0.4306135344975415,-0.11272443074360904,0.3503321104852517,-0.8742425581381686,1.3537980027227248,-1.0538044877422499,0.921399367200402,-0.8668187262100908,-0.3955190828539783,0.03905391888519625,0.4523726053290718,-0.8366845549934608,1.2899006367655137,-0.9889579071615227,0.8156293495443548,0.0,1,0,0,0,0,0,0,0,En observacion
3.2781391330784495,-1.0366411133233524,0.9107866125152364,1.8785150043423817,-0.7277388857045768,1.4340350526850278,1.4362808697020257,-0.15618388666441654,1.8752873827816032,0.8822837451786903,-1.1712851362651835,-0.6671903901286704,-0.15137282662191326,0.13680459365338682,0.17122671986296006,-0.5155144451041153,1.0082594378350775,0.26945224080033375,-1.1755503978031936,-0.8859387995072378,-0.5201955216665581,1.5062354184346365,2.0,0,0,0,0,0,0,0,1,Saludable
-0.07660267980403966,-0.9019748230075791,-0.17841319815387252,0.6740364130528993,0.16867123479299398,1.1810871398025562,-1.3763926062198475,0.09532181934355166,1.3801606822951693,-0.7378750599727132,-0.05254260284328095,0.415481963184577,-0.368096042003485,0.6607506036366081,-1.4175377779252485,-0.14007908278456668,1.2464073062932832,-0.7534672328467352,-0.34358436408009996,0.02372537437934449,-0.5074250783379602,1.6189606770063487,1.0,0,0,0,0,0,0,0,1,En observacion
0.31460868143900633,-0.28475432572695236,-1.4491463106011662,-1.276462113496466,-1.0628951918846774,-0.05883708657400386,-1.2991078162938403,-1.0748326701331925,-0.965370836925427,-0.7378750599727132,0.13302438632849556,-0.39694194224737916,1.031640830400553,1.5673258873193883,-1.10416807614039,-1.035483686209341,-1.039926408222551,-0.7534672328467352,1.1772655304064565,0.20895052425402333,2.4158260550515607,0.039199507504172004,1.0,1,0,0,0,0,0,0,0,En observacion
0.4066103050605949,1.4378519712289786,0.7292533107370516,1.0015623954059394,-0.02550662513674676,2.7226891641740414,-0.870546890243091,-1.0748326701331925,1.2428257725160634,-0.7378750599727132,-0.431198550751965,-0.4203718672060315,0.37353841648930924,1.7106435612240354,-1.0688569003032427,-1.035483686209341,0.9245521823437924,-0.7534672328467352,-0.6714868224405836,-0.6497006582708071,-0.07415836884457994,0.5100779547109354,0.0,1,0,0,0,0,0,0,0,En riesgo
-0.7667530840203507,-0.2118100851392421,1.0923199142934212,1.9019400764553553,2.0545904497270526,0.9336020882207052,-0.3952838119945034,2.1740723800952533,1.972965902069764,0.5401557044758953,-1.3260872699155752,0.2692372673978845,0.3245139116921601,-0.209828094416258,-0.8888495068163845,0.7941834744912556,1.0680166103359325,0.049378482612947396,-1.2577437541330772,-0.37386949105684864,-0.2766054768253223,1.2512314542523666,1.0,0,0,0,0,0,0,0,1,En riesgo
0.2581947648637298,0.6522986110536353,-1.0860797070447965,-1.134223715539358,-0.9777761299976677,0.9150341713531694,-1.5440113168330223,-0.9767952385981478,-0.965370836925427,-0.26607558043021745,-1.0024169195279973,0.5989347786070994,-1.0538044877422499,3.1350123019451868,-1.5482798817759325,-0.8764396671374527,-1.039926408222551,0.10029823772004587,-0.7651828264795196,1.6599710609064866,-0.9889579071615227,-0.4883230808954846,0.0,1,0,0,0,0,0,0,0,En observacion
-0.6615277388615659,0.46713246186944746,1.273853216071606,1.2006330056433565,1.2672391272722128,0.39164556631708863,0.2662222780465007,-0.2900634649465812,1.325857048661199,1.1507405857597497,0.14017025741536993,-0.007095966965205922,0.1595916698260227,-0.31888803074591515,-0.32457582417910397,-0.5150482276729897,0.8956728166970971,0.6436222411440632,-0.3455926172735879,-0.4094597639114728,-0.25047946198114784,0.06986564330725056,0.0,0,0,0,0,0,0,0,1,En riesgo
-0.6545760699175784,0.2539108355361402,0.7292533107370516,0.7122645763559793,0.8815433780967001,-1.072866186615316,0.8380408439705495,-0.12513321956107948,1.7916892628615833,-0.1933664097258792,1.195803466185825,-1.1977557953117643,0.2793764631006102,-1.4012579203605016,0.28919100863281344,-0.3167987645939282,1.6178644739553412,-0.29383249740942663,0.5324920398812762,-1.1783769399676514,-0.06308424820875003,0.07777299692992959,1.0,0,0,0,0,0,0,0,1,En riesgo
-1.2340526792476714,-1.0310300178935283,0.7292533107370516,0.41232893295611495,1.969471387840043,1.0409996167690816,2.092130989753672,-0.6532294367709373,-0.13088610529092018,-0.7378750599727132,0.5477105684541562,-0.9373688979354583,-1.0538044877422499,0.7433486037376988,1.5227170661832312,-0.6861619644775436,-0.15915687891318706,-0.7534672328467352,0.19864063831425202,-0.9682858078802471,-0.9889579071615227,-0.3704283275142239,0.0,1,0,0,0,0,0,0,0,En riesgo
0.8597819434365472,-0.02103284052523026,1.273853216071606,1.4458615729058715,-0.09732583360391125,0.6508699581406991,1.5445118954269461,-0.7014260849525166,1.3787322359824592,0.9160560410420562,0.5927671661492895,-0.15606832565753267,-0.8871370369674759,-0.2247334589523253,0.4174755772685767,-0.8023292198096447,0.8245663396965398,0.3984861178716022,-0.13382369949643363,-0.544994319925456,-0.8934536255621895,0.3905104205288817,0.0,0,0,0,0,0,0,0,1,En observacion
2.268494171008101,0.0687446863519519,1.455386517849791,1.5407276503276188,-0.589420410138186,1.7382699346930095,0.7163162898424472,0.4029629976487783,0.33997968163044173,-0.7378750599727132,0.17492175680627423,0.766930837564362,2.144449492689238,0.5270257026036521,-0.141464474800505,-0.13315812215284992,-0.024617384250759166,-0.7534672328467352,-0.3980103523764034,-0.01019873749878892,0.8031827982202829,0.29021087963784453,0.0,1,0,0,0,0,0,0,0,En observacion
-0.8076049380549023,-0.9580857773058179,-1.2676130088229813,-0.08198987753155125,0.4825477755013422,1.1218092831362445,-0.8503469974239568,-0.16243160031758427,0.3683898916276713,-0.7378750599727132,-0.5718593816199108,-1.1977557953117643,0.1746639285824278,1.3478443711944503,-0.8538284514455345,-0.13937342023922605,0.6287641946512951,-0.7534672328467352,-0.5628636500644946,-1.1783769399676514,0.11830294315351571,3.274236544331102,0.0,1,0,0,0,0,0,0,0,En observacion
-0.43581447795446326,-0.7111975783935673,-1.0860797070447965,-1.1099121580638922,-0.6638995892893196,-0.3035325919597932,-0.16128825357765375,-0.6940509643243411,-0.965370836925427,0.18881243461697952,-0.42773844475200473,-0.30546032479688,-1.0538044877422499,0.7379913424391444,0.7043311339684127,-0.4269141370120926,-1.039926408222551,0.8985826516429966,0.08908000898977594,0.21032731638053417,-0.9889579071615227,-0.4189670153857247,2.0,1,0,0,0,0,0,0,0,Saludable
0.444663061243632,2.0326280867903104,1.0923199142934212,0.020405253653827067,-0.4989814068832383,-0.053170820863253684,0.30213768747892134,-0.4364854458257066,-0.965370836925427,1.0216767444468262,-1.1175030538744983,1.7846288616639139,1.3534732186886336,-0.10052020570152771,0.2316188711040202,-0.43171766419477814,-1.039926408222551,1.1029238083986372,-1.0726785548465387,1.5685194978781938,1.100569975865679,-1.315903947105053,2.0,1,0,0,0,0,0,0,0,En observacion
-1.0455512932760314,-0.3745318526041345,-1.4491463106011662,-1.182409659626595,-0.19840471959473535,-0.543956604732863,-1.5440113168330223,-1.0748326701331925,-0.2524627581282266,-0.7378750599727132,1.9859111493071633,-0.34686484890291636,-1.0538044877422499,0.38599675273348283,-1.5482798817759325,-1.035483686209341,0.4786652809208142,-0.7534672328467352,3.9375128032300353,0.2071854717562139,-0.9889579071615227,0.3671376805036154,0.0,0,0,1,0,0,0,0,0,En observacion
-0.5650049386691155,1.0562974820009547,0.9107866125152364,1.5559436251112146,1.3576781305271608,1.4341803415494065,1.5513394591998133,0.3556119046984549,1.0387393398065157,-0.7378750599727132,-0.30678517414470174,-0.6505446523968518,1.1853778697158845,0.2975946339871889,0.371439386179042,-0.16515753563074223,0.513371719871453,-0.7534672328467352,-0.6759815019443147,-0.8541621177703762,0.2613320540285255,1.0461192425765578,2.0,1,0,0,0,0,0,0,0,En riesgo
-0.22057191641784027,-0.9244192047268748,-0.5414798017102421,-0.03503044058968006,-0.12658551112757085,-1.2749629969654126,2.105260920086109,-1.0748326701331925,1.00967159103042,-0.7378750599727132,-0.8947023153553243,0.4884294608916647,-1.0538044877422499,-1.4667461273922566,2.041910519205361,-1.035483686209341,1.3883214900015408,-0.7534672328467352,-0.8671808585823987,0.4063943223999596,-0.9889579071615227,0.9885839964238733,1.0,0,0,0,0,0,0,1,0,Saludable
1.8831401811950763,-1.5023620339987345,1.455386517849791,1.9732110708726922,-0.3500230485809712,1.8004245108740102,0.875935842899245,0.4225986691301625,1.0362452271970222,0.5844596908033995,-0.7779613477044944,0.21650245122229098,1.5748767670524577,0.3359679285132489,-0.18007018863174706,-0.20491253217249722,0.37434555243769213,0.06467167892180423,-0.9725487651032854,-0.41449616344556023,0.3491099444862117,0.8330783339377531,2.0,1,0,0,0,0,0,0,0,Saludable
2.5312868392568713,0.8711313328167669,-1.630679612379351,-1.6000292708060484,-1.4725306772159117,-1.7451177620933156,-0.3041014958089318,1.0124673935123174,-0.965370836925427,-0.4439497563942428,-0.4927282617947348,-1.0175202233164,-1.0538044877422499,-2.007470847845096,1.3335892351117293,3.723916085209861,-1.039926408222551,-0.005883253012633747,0.524762476937837,-0.7781790969424189,-0.9889579071615227,-0.5883818502304313,1.0,0,0,0,0,1,0,0,0,En observacion
0.013296740698613361,0.16974440408878197,-1.630679612379351,-2.1594501090789153,-1.4512509117441592,-1.3716382073226767,-1.2847254926066167,-1.0748326701331925,-0.965370836925427,-0.7378750599727132,-1.1266046370483065,-0.8342072880428846,0.6436491589396208,-0.029179879811588656,-0.37344199074420686,-1.035483686209341,-1.039926408222551,-0.7534672328467352,-0.4259435310380658,0.39528564275741723,5.9355756403479685,-2.782767749844509,2.0,0,0,0,1,0,0,0,0,Saludable
-0.19316264342327774,-0.35769856631466285,0.1846534054024971,0.16580099673761886,-0.028166595820715817,-0.4888340095877684,-0.9679507734169556,0.5575117038060843,1.3523853373258108,-0.7378750599727132,0.8678455931461226,-0.053046595913965995,-1.0538044877422499,-0.6621827571242919,-1.0205988052792885,0.4314089314757356,1.613313435161677,-0.7534672328467352,0.5917015550251755,-0.1766516354863836,-0.9889579071615227,-0.012965738349322993,1.0,0,0,0,0,0,0,0,1,En observacion
-0.2012143693418317,0.854298046527295,-0.723013103488427,-0.6397106068900497,-0.5043013482511765,-1.5257896924279626,1.2189300229681423,2.2028682332485747,-0.965370836925427,-0.7378750599727132,-0.3610185747092946,-0.14005204859624504,-1.0538044877422499,-1.6828962019121043,1.9493018815067846,3.035024928373262,-1.039926408222551,-0.7534672328467352,-0.13347741228859394,0.10074025015497344,-0.9889579071615227,-0.0031717264686123665,1.0,0,0,0,0,1,0,0,0,En observacion
1.0412798253188014,-0.5148092383497315,-1.4491463106011662,-0.7671094827517435,-1.0256556023091106,-1.065950436670913,-0.8116440027824958,-1.0748326701331925,0.9961126879351738,-0.7378750599727132,-0.8065448320519915,-0.362881125964204,0.2409025394329447,-0.9377798532202828,-0.5615771180252098,-1.035483686209341,2.2626085973962673,-0.7534672328467352,-0.6135845914551471,-0.1038216729341222,0.58148562461716,1.815189014061777,0.0,0,0,0,0,0,0,0,1,En observacion
-0.28032632014101433,-0.8121972961303972,0.9107866125152364,1.6716360367339729,0.9879422054554624,1.43028659998407,0.4153782866229871,0.2705866286666242,0.866418832241516,0.6168142591042854,-0.9847402910499399,2.2865887763751007,0.18997417037182857,0.2345148121193328,-0.364882978536776,-0.23831463773601458,0.34265466732636196,0.14187319216595792,-1.0680205450471643,0.8320153356718625,-0.31264736337529786,1.2111430278191855,1.0,1,0,0,0,0,0,0,0,En observacion
-0.8676242769656682,0.865520237386943,1.455386517849791,1.2016409273568749,1.7061342901271066,0.006165151348809421,0.8401416328237393,-0.2048502877522491,0.7508960709199801,3.0844703478554196,0.19071789289304883,-1.0596940882419743,0.07026870477490625,-0.623868056715014,0.06297804810397717,-0.458684606603946,0.40958339528474574,2.0733630955602442,-0.3143879577146525,-1.0892407072476984,-0.3050163798114623,-0.13542195931358766,0.0,0,0,0,0,0,0,0,1,En riesgo
0.24611141652529925,0.7364650425009935,-0.5414798017102421,0.577166635839218,-0.12392554044360181,-0.8608316179417493,-1.0219652868153202,-1.0748326701331925,3.1155642359806888,-0.7378750599727132,-0.15371309349429,0.39345083971599343,-0.08624480325871041,-1.1776606301568497,-1.1292253022038206,-1.035483686209341,3.0538757679364994,-0.7534672328467352,-0.39169407152640817,0.04184395095668423,-0.28970708371899706,2.3608160727753313,1.0,0,0,0,0,0,0,0,1,En observacion
0.041731197679944425,0.0014115411940655801,-0.723013103488427,-0.6241424666884777,-0.6293199703977218,-1.071151778015653,0.07060651598600608,-0.22420410748988118,0.0420692673019506,-0.1688093430186341,-0.8483669828341187,-0.07598694035109424,0.18521450971191122,-1.0174047882105486,0.4806721309561727,0.013153219671065504,0.5421470317456675,0.029066938252094866,-0.7052969255464012,0.1682754001850819,0.4128013235005483,0.03440835636465585,1.0,0,0,0,0,0,0,0,1,En observacion
-0.9021752811040123,0.0014115411940655801,0.3661867071806819,-0.22857569685540083,0.5011675702891256,0.0805530499104551,-0.5010100510098512,0.8722461509957345,-0.4513342281088336,-0.7378750599727132,1.1846709512294316,0.10159090881313941,-0.8317663179571038,0.2534924113883364,-0.4433576703003724,0.9880644850275989,-0.35939794891686955,-0.7534672328467352,1.1900032702454935,0.13661169386842234,-0.7771862008333914,-0.9317475247563737,0.0,1,0,0,0,0,0,0,0,En riesgo
-0.4176779365256173,-1.4238066979812,0.1846534054024971,-0.10247618994968832,0.0010930817029437907,-0.21528413573646557,1.8666193863208589,-0.6814615864367553,-0.965370836925427,1.1858799760583645,-1.0689111304837535,-0.8784793552035619,1.0471097275452845,-0.20316485704751247,1.8926555357518953,-0.6461451404544658,-1.039926408222551,1.3704150965522646,-1.0189696269504436,-0.8706547758873106,0.9193285681676887,-0.48067459037667615,1.0,0,0,0,0,0,0,1,0,Saludable
0.13544914056028057,-0.6831421012444479,1.0923199142934212,1.2470459790056097,0.29634982762350864,1.4337444749562716,1.3446137560887947,-0.4100383572036508,0.3659184527691732,0.38496516951155213,-0.0420118454520978,0.8265197810412925,-0.4921645298719982,0.47545338627328865,0.3817266214560056,-0.5997330424202433,0.0716655788418599,0.06749734279769895,-0.46820600452780725,0.11369683695709629,-0.6511117195908522,0.3577046370340607,1.0,1,0,0,0,0,0,0,0,En observacion
-0.5334373351214802,-0.13886584455153142,-1.0860797070447965,-1.6126707949478865,-0.9618163058938535,-0.7044717420979146,0.17592875714497136,-1.0748326701331925,-0.965370836925427,-0.1552902980478414,-1.0513097217013474,-1.1977557953117643,-1.0538044877422499,0.8515519953863822,2.4937893611812028,-1.035483686209341,-1.039926408222551,0.7447970008006934,-0.663470141357771,-1.1783769399676514,-0.9889579071615227,-1.8532379785073825,2.0,0,0,0,0,0,0,1,0,Saludable
2.90473602401006,0.5849654658957489,1.6369198196279757,1.247944608003204,-0.8048780355396793,3.490627985731533,0.3722313155613166,0.26250687867906886,-0.965370836925427,-0.7378750599727132,-1.0698889865272203,2.2834414730224464,0.5204532755254258,2.0811105394256444,-0.26824904466628696,-0.15909902385401475,-1.039926408222551,-0.7534672328467352,-1.100250876187464,1.0431349892140387,-0.04219942123244113,-0.2702482745917826,1.0,1,0,0,0,0,0,0,0,En observacion
0.2638217578697581,1.6174070249833428,0.7292533107370516,0.915464022528291,0.030352759226603396,-1.1199688364467333,-0.7819097605527304,2.367422676309074,1.2416920849662938,0.5973205051201834,1.9222000670905053,-0.3210569614111471,-0.36793738664815445,-1.4749964462914487,-0.9930102410391313,1.4249819836284088,0.9696807499739496,0.3111042284140576,0.9202683508269778,-0.5681496990251096,-0.5390491144322428,0.3814190053482464,1.0,0,0,0,0,0,0,0,1,En observacion
-0.7224167563229055,0.6915762790624026,0.9107866125152364,1.557194419526786,1.6715546712355087,3.1260401094608405,0.19847183753112496,-0.813180301350155,1.043523501266544,-0.7378750599727132,-0.25179957662359564,-0.5121332449545445,0.9732556596388999,1.523206617825143,-0.4679154827089515,-0.876332641704882,0.5166274228622307,-0.7534672328467352,-0.6447768216888152,-0.7722733291466105,0.1425608048060732,1.0479033771288822,0.0,1,0,0,0,0,0,0,0,En riesgo
0.9864440009478769,0.21463316752737285,1.6369198196279757,1.2357159674548557,-0.24362422122220928,0.02365793061994642,1.705181842910339,0.4742245135273902,0.9119250504892733,-0.7378750599727132,0.05148623624247776,0.9005163798659317,0.7484410211354686,-0.6219988994676858,0.6288099112632292,-0.017240746342101317,0.5320242638263804,-0.7534672328467352,-0.40830834163221363,0.16473656004334875,0.09823895909737704,-0.2850076908995434,0.0,0,0,0,0,0,0,0,1,En observacion
-0.2191666080314832,1.140463913448313,1.273853216071606,0.27256783655994393,0.05961243675026271,-1.1591096565102244,3.119659137677387,-0.7862634598218461,-0.965370836925427,0.776612408646689,0.7126673610174745,0.7403536092530548,0.7164719670363568,-1.4021217770233476,2.572751742598893,-0.785327510090414,-1.039926408222551,0.7110100343201327,0.40015430296084004,0.45771032049738986,0.4193986312527051,-1.1436114515915288,1.0,0,0,0,0,0,0,1,0,En observacion
-0.8798228145160955,-0.12203255826205993,-0.723013103488427,-1.2535835049631106,-0.4457819932038572,-0.27473633904003114,-1.131408306109389,-0.9573004929886395,-0.965370836925427,0.0657233023173651,0.00763315367776537,-1.1977557953117643,1.024263356377681,1.0619342833534375,-0.8115090298664627,-0.829591450071805,-1.039926408222551,0.8168158216443767,0.9339487103020805,-1.1783769399676514,2.35186299396313,-1.4850053983130158,0.0,1,0,0,0,0,0,0,0,En observacion
-0.1029522120482345,-1.648250515174155,1.273853216071606,1.1381297157701191,0.45860803934562067,1.364122051146231,0.46490842381550396,0.1871115372254287,0.7477670932826154,-0.29716432055031755,0.6658807103223607,0.6020121418852508,-1.0538044877422499,0.4891264607302309,-0.1684272700266215,-0.18514210951392926,0.43058303554144806,-0.4222121087318088,0.0013765754979834363,0.002587186664209248,-0.9889579071615227,-0.011859555680553897,2.0,1,0,0,0,0,0,0,0,Saludable
-0.6824345808389272,-0.31280980287607174,0.0031201036243122936,-0.6220173305455174,-0.11328565770772558,0.15796295685116787,0.39117881502566443,-0.5571649674421559,-0.5611205304285348,-0.7378750599727132,-0.028020982060954647,-0.5147909677856751,-0.5891029519789823,0.7853893569549855,0.8810778171032133,-0.39795160974608107,-0.40573032465103614,-0.7534672328467352,0.24187017155330623,-0.3593159462890026,-0.46374503597214833,-1.1683422464440314,0.0,1,0,0,0,0,0,0,0,En observacion
1.6242697056147866,-0.256698848577833,-0.17841319815387252,-0.16936333209497556,-0.9431965111060701,-0.3400582124644764,-0.10375895882875973,-1.0748326701331925,0.7482205683025234,-0.5131652413196122,0.040579380373038196,-0.19110830298375595,0.20100071756730395,-0.30735120514785824,-0.05754921842458377,-1.035483686209341,1.1766016771841483,-0.4989474776975309,0.04403732805521909,-0.18299882656831243,0.18035388638670027,-0.03520053926556959,2.0,0,0,0,0,0,0,0,1,Saludable
-0.8459168699649315,-0.7448641509725107,0.7292533107370516,0.1780660681912753,0.7671646386860308,2.4928712385005816,-1.5440113168330223,0.5398959698215889,-0.965370836925427,-0.7378750599727132,1.1043363162738347,-0.33672353809991756,0.2285274217171595,2.5117497743740396,-1.5482798817759325,0.4094976855317922,-1.039926408222551,-0.7534672328467352,0.7824729292977569,-0.42805256124504865,0.06415135378400696,-0.7204931783119144,1.0,1,0,0,0,0,0,0,0,En observacion
-0.6650525287486584,0.5961876567553965,-0.35994649993205735,-0.7218137238189328,-0.20904460233061156,-0.3676630966963372,-0.7360964036389342,0.27866637865417926,-0.965370836925427,0.4263830675868646,-0.5859254647067053,0.6964312424648944,-0.199207416254083,0.1135412433019496,-0.48411899975859857,0.7134879507147787,-1.039926408222551,0.9246789977970691,-0.3605564789059436,1.2051200476156736,0.02447848236344761,-0.8537069085335641,0.0,1,0,0,0,0,0,0,0,En observacion
-0.7632455725150578,-0.42503171147254937,-0.5414798017102421,-0.5309036363704829,0.048972554014386785,-0.33282282701844146,-0.8875955997824401,-1.0748326701331925,0.2449086437067516,0.17954657233362717,-0.26225511431912735,0.4356247046415676,-0.35722815016334025,-0.020012793008214336,-0.7580974369468177,-1.035483686209341,0.7807780244909309,0.45505943967617773,-0.07922556867339832,0.7000134324076002,-0.23402118371188554,-0.12290955892366315,2.0,0,0,0,0,0,0,0,1,Saludable
-1.1121364172705968,1.2863523946237339,-0.723013103488427,-0.7551480021756528,0.3442292999349516,-0.44719422105697193,-0.24394621499355046,1.715875395335873,-0.965370836925427,-0.7378750599727132,0.2867734442397689,-0.7457330937960333,-1.0538044877422499,0.024497521157268786,0.19276020157623158,2.6309279527892504,-1.039926408222551,-0.7534672328467352,0.7299766796343262,-0.600075868134059,-0.9889579071615227,-0.2818271612681794,2.0,0,0,0,0,1,0,0,0,En observacion
-0.9725904463974608,1.4659074483780978,0.3661867071806819,0.20382271824395407,1.033161707082936,-0.9861287345815217,2.271627237344498,2.488055222634898,-0.965370836925427,-0.7378750599727132,0.14641349215442837,-0.19285680484634193,-0.040631388601168786,-1.2051761709665156,1.9018979254543322,2.1250436597887084,-1.039926408222551,-0.7534672328467352,-0.03243779241668765,-0.31032294477755823,-0.16415282589442864,-0.21758863967655523,1.0,0,0,0,0,0,0,1,0,En riesgo
-1.150183413993034,-0.28475432572695236,-0.17841319815387252,-0.3620099593631017,0.8469637592051025,0.6687404884592199,-0.49793966730134287,-1.0748326701331925,-0.965370836925427,1.159550749898019,0.08759169015510564,0.9915084167949068,-1.0538044877422499,1.1490542523064102,-0.3781481640911333,-1.035483686209341,-1.039926408222551,1.5691464542856632,0.1975105191797978,1.161115135962782,-0.9889579071615227,-0.41303866538055156,0.0,1,0,0,0,0,0,0,0,En riesgo
-0.2215740625622098,-0.32403199373571967,-1.630679612379351,-1.718441856691796,-1.148014253771687,-1.7451177620933156,-1.5440113168330223,-0.02869294790729561,-0.6068534861862459,-0.19756895928608825,-0.653999289271139,-0.4679311178683706,0.271919661400073,-2.007470847845096,-1.5482798817759325,1.6240701581279788,0.12112513675685681,0.778730013835369,0.345047067223272,0.6284001455076763,2.1040607844821504,-1.0528674235722348,0.0,0,0,0,0,1,0,0,0,En observacion
-0.11976407753912081,1.875517414755241,-1.2676130088229813,-0.7280312649914793,-0.6027202635580313,-1.118021965664065,-1.1468410242232074,0.4637490237179436,0.6330605869969137,-0.7378750599727132,-0.4226987251433672,0.1815324139705711,-1.0538044877422499,-1.0388941540393157,-1.0235295550725738,0.9587666212927924,1.5992920700398818,-0.7534672328467352,-0.15933165140971373,0.5625520846534431,-0.9889579071615227,1.2469053986612055,1.0,0,0,0,0,0,0,0,1,En observacion
1.0954705901025454,-1.7941389963495762,1.455386517849791,0.9202971892991377,-0.4085424036282904,1.2502446392465862,0.6818956724786428,-0.5659023714984657,0.2198314751058452,0.3990411788818906,0.36658154132580667,-0.2811211788696829,0.7532800094730514,0.5404864071903804,0.071386666796904,-0.672188157765359,0.0378196995645975,0.1518190230267666,-0.12428593970475747,-0.5411928325711628,0.19487521885418668,-0.4885738990344908,0.0,1,0,0,0,0,0,0,0,En observacion
-0.4196707098931564,1.5220184026763366,0.5477200089588667,0.5637479190508113,0.45062812729371354,-1.2690061535259058,-0.2341694668690895,-1.0748326701331925,2.87402076662675,-0.7378750599727132,0.9553260991885938,-0.7023003075293971,0.31182148326571374,-1.5588798766318595,-0.4925897654184149,-1.035483686209341,2.827173369579726,-0.7534672328467352,0.43439645332807414,-0.7968964621791883,0.001971665506540019,0.10333058004451429,1.0,0,0,0,0,0,0,0,1,En riesgo
-0.7941911543179122,-0.728030864683039,-1.4491463106011662,-1.2157439379833148,-0.48834152414736204,-1.3662044037949315,0.5936221408590266,-0.11832180242040786,-0.11614816714391361,-0.7378750599727132,-1.1408211595264037,-1.1977557953117643,-1.0538044877422499,-1.2360185612552086,2.174593179808063,0.5987646250433619,0.8083713751048676,-0.7534672328467352,-0.9608126158293478,-1.1783769399676514,-0.9889579071615227,0.25090910918231446,1.0,0,0,0,0,0,0,1,0,Saludable
-0.14313020919260663,0.5512988933168056,0.9107866125152364,0.9425078979018484,0.3867888308784565,1.876032835896433,1.6983542791374717,-0.5800419339766872,-0.13730277682261696,-0.7378750599727132,1.013320484535752,0.2658801438217195,-1.0538044877422499,1.0542682890967283,0.7968095907609649,-0.6844068787743486,-0.2914659836584803,-0.7534672328467352,0.29936206973284457,-0.167075604374109,-0.9889579071615227,0.17111383567707988,0.0,1,0,0,0,0,0,0,0,En riesgo
-0.013588421381365012,-0.004199554235758379,0.1846534054024971,-0.07585734180472277,-0.29948360558555914,1.6974437638027313,-0.25509655582971247,-0.771889020890498,-0.965370836925427,0.49337069491405083,0.9479545690147655,-0.5876685254182594,-1.0538044877422499,2.0122953291002625,-0.26086325419280176,-0.7386317300089112,-1.039926408222551,0.5923265586296138,0.8325539172854806,-0.5962241796729222,-0.9889579071615227,-0.434267845688827,1.0,1,0,0,0,0,0,0,0,En observacion
-1.2838835323573485,-1.5135842248583822,0.3661867071806819,0.27709741245322506,1.985431211943857,0.8771428355233308,-0.8467918162877891,0.5724968215155617,-0.5517562712674369,1.6239577928647255,0.617288786931616,-1.1977557953117643,0.20512575680589887,0.6972813043880461,-0.933107277114421,0.39042291987182687,-0.5838593971541028,1.5269561134438314,0.3202274681329843,-1.1783769399676514,0.011094034090044386,-0.09656651726883723,1.0,1,0,0,0,0,0,0,0,En observacion
1.3589083179384953,-0.41380952061290166,1.455386517849791,1.8807615768363681,-0.1771249541229829,0.823589360113521,0.9411814967050481,0.17475703579096932,1.1034502251473721,0.7025867766343334,0.4122398965861505,1.5102539493869196,0.7853283912498285,-0.2757696765002629,-0.11512117779915589,-0.328540063000944,0.45102159972241784,0.15555563961610427,-0.33521378538942115,0.31350515147750607,-0.034095636154398486,0.7170326797123027,2.0,0,0,0,0,0,0,0,1,Saludable
0.22347097690739084,0.14168892693966256,-0.17841319815387252,0.17744674280104142,-0.3101234883214354,1.0836273695776497,0.07440409583600328,0.11871551407496156,-0.011644848806139464,-0.7378750599727132,-1.1879086890041224,0.07375475916077046,0.22019801556230398,1.009627375930346,-0.07168461814491371,0.03281960845306005,0.04750145261316103,-0.7534672328467352,-1.141725329806394,-0.07011730360906085,0.057532315867499136,0.6449985935961153,2.0,1,0,0,0,0,0,0,0,Saludable
-0.6776427096198735,-1.3452513619636657,-0.17841319815387252,-0.8172869829958116,-0.2702239280618998,0.5036923385255677,-0.6213206126406142,-0.732382801474603,-0.965370836925427,-0.7378750599727132,0.20899627893631673,-0.12277685019389542,0.19520979709773764,1.6264327437106005,-0.27286171446569923,-0.571100375271375,-1.039926408222551,-0.7534672328467352,0.6949909313642224,0.2411593287399044,0.5654224075693074,-1.3059741914885177,0.0,1,0,0,0,0,0,0,0,En observacion
0.8712202321877975,-1.4406399842706716,-1.2676130088229813,-1.3564158070121834,-1.2198334622388516,-0.5692078093617967,-1.2858970863901267,-0.6328421606395479,-0.965370836925427,0.08617908571886412,-0.4042698997087968,0.38995383599082145,-0.4866115924354279,0.6285360862567023,-1.0533310919342735,-0.2040178524536656,-1.039926408222551,0.9757235987946465,0.3689581488443457,1.7301258084137217,-0.009755373286172578,-0.7250171100574878,1.0,1,0,0,0,0,0,0,0,Saludable
0.6149242354956292,1.1124084362991935,0.3661867071806819,0.26771038251889184,-0.4670617586756096,1.21040643263408,-1.0154205215419208,3.097371717335936,-0.965370836925427,-0.266480645448069,0.5585422046279446,-0.7177570639946574,-0.7722705597081363,1.0505158262984644,-1.0804407968449665,2.5871600558591163,-1.039926408222551,-0.29690477726331216,0.2772890242827117,-0.7725255140498087,-0.7646208215517991,-0.11207034567804532,0.0,1,0,0,0,0,0,0,0,En riesgo
0.2627562576587904,-0.542864715498851,-1.0860797070447965,-1.0586052997552795,-0.940536540422101,-1.0305580693083798,-0.5859708002071294,-0.34793702299697654,0.1781571207763096,-0.20334113579047164,-1.3260872699155752,-1.1977557953117643,0.08859339831558821,-0.6879236039970182,-0.034906325165280395,0.09098073456328258,1.2175042841652917,0.17054218042771688,-1.2577437541330772,-1.1783769399676514,0.6357417330208156,-0.2725986953164272,1.0,0,0,0,0,0,0,0,1,Saludable
-0.46669094623011953,0.5849654658957489,0.9107866125152364,-0.010779601289727173,0.11015187974567475,0.2791338697425991,1.439512852553087,-0.904500266325779,-0.965370836925427,0.10258421894184856,-0.4476716640996014,0.22104855606501458,1.3065905611884476,0.29999855661469316,1.3609420257396625,-0.8725436868133974,-1.039926408222551,0.14334768321295174,-0.4694971632782359,0.14328347316906415,1.0832122388616532,-1.188656518614039,1.0,0,0,0,0,0,0,1,0,En observacion
1.2905665584609838,1.4546852575184503,-0.723013103488427,-0.8121380817122963,-1.092154869408337,0.20355460249305182,-0.837297866662796,0.2608157682165572,-0.965370836925427,-0.5400514318795032,0.09052525828550675,-0.22349055747884852,-0.27567929752342235,1.1330608357270062,-0.574000424374188,0.7709228475686581,-1.039926408222551,-0.45502711073289076,0.5394960825905527,0.10474365896846927,-0.02316704456032321,-0.41939606043863614,2.0,1,0,0,0,0,0,0,0,En observacion
-0.6998051140079963,1.735240029009644,-0.17841319815387252,0.003914197184455299,0.3974287136143324,-0.7026701601796248,-0.44356155583223394,-1.0748326701331925,1.656916486944957,-0.41205088623843983,-0.4124688465347894,0.8528172490545858,-1.0538044877422499,-0.8255153774298578,-0.48096408671014085,-1.035483686209341,2.138472224796312,-0.4076513973750798,-0.44228437128169573,0.7215987384145119,-0.9889579071615227,0.3046489451982905,0.0,0,0,0,0,0,0,0,1,En riesgo
-0.46332166177922257,-0.5316425246392031,0.9107866125152364,0.371052717242275,0.37082900677464214,0.428548937869155,0.05901177750782308,0.3342381474639338,-0.965370836925427,0.061773918393313296,-0.32002384057933186,1.8094575881126351,2.13953117667399,0.1670522491531637,-0.1764928666190025,0.14745674365241243,-1.039926408222551,-0.004633925796512118,-0.46544852559217975,1.280072241237222,1.4713242017040524,-0.6440104727041062,0.0,1,0,0,0,0,0,0,0,En observacion
2.7127559238361263,-0.582142383507618,0.1846534054024971,-0.40315259509081275,-1.182593872663285,1.2505061592024673,-0.8709508880994736,-0.5684860124828582,-0.3274448526699969,-0.7378750599727132,-0.8653666340513142,0.21167658608155365,-0.4030795478538778,1.978524142748075,-0.7821906601829702,-0.47008292621159614,-0.1325218422854988,-0.7534672328467352,-0.7751544095176063,0.354190592544033,-0.32212630298962647,-1.0048675641317577,1.0,1,0,0,0,0,0,0,0,Saludable
-0.7930392621979474,-1.5865284654460927,1.6369198196279757,1.4763663842836785,1.764653645174426,1.3266084663637758,1.1026998396868446,-0.014553385429073919,-0.22958494337387342,0.6453207097355823,2.601584358213118,1.397860249659892,-0.6549449244411728,0.26154896671916356,0.12411244453051172,-0.3782269580440071,-0.45890993082799814,0.20296483260603354,1.0261797771507217,0.3884540385658937,-0.7620523898465261,0.005446482855085153,0.0,1,0,0,0,0,0,0,0,En riesgo
-0.2146742287636206,1.5669071661149276,-1.0860797070447965,-1.5863312504102818,-1.0708751039365845,-1.1579473455951985,-0.5550245644082159,-0.08130527340765499,-0.965370836925427,-0.7378750599727132,-1.3260872699155752,-0.46779123771936365,0.48832556607098354,-0.4308622989651098,0.7232895756069229,1.2032299256845973,-1.039926408222551,-0.7534672328467352,-1.2577437541330772,0.4233460232870145,2.2000087325251974,-1.7780964669735821,0.0,0,0,0,0,0,0,1,0,En riesgo
-0.09135265840018876,-0.28475432572695236,-0.17841319815387252,-0.3620342466333069,-0.4085424036282904,-0.3060896759728498,-1.0857161485525075,1.164197582232104,-0.042934625179784185,-0.7378750599727132,-1.3260872699155752,0.28413450326711714,1.0190277296517722,-0.12568077278844622,-1.0356274549624531,1.4216050813177308,0.2495679790547347,-0.7534672328467352,-1.2577437541330772,0.4052171608361137,1.0985845530200868,-0.4130863000409291,1.0,1,0,0,0,0,0,0,0,En observacion
-0.21481245581801625,0.5456877978869816,-0.9045464052666118,-1.132778622962145,-0.7942381528038032,0.05498220977988944,-0.7142805193942694,-1.0748326701331925,-0.965370836925427,0.22501512058745424,-0.4214952100129462,-0.8074202395080671,0.05297527104387325,1.4692873831582896,-0.17742680118552162,-1.035483686209341,-1.039926408222551,0.9874146980932588,0.11763161604419736,-0.5622901503704081,0.6573396684152429,-0.8683466274896074,2.0,1,0,0,0,0,0,0,0,Saludable
-1.041963149322341,-0.9524746818759942,-1.4491463106011662,-0.6651029478896495,0.31762959309526106,-0.6797145196078669,-0.893291969557436,0.1754616651503493,0.3070347214341331,0.5562570389354912,-0.5355282686203291,-1.1977557953117643,-1.0538044877422499,-0.41160939869285273,-0.7145013193604451,0.5361539296663532,0.9975281735507521,1.0611058832447642,-0.32555027097698896,-1.1783769399676514,-0.9889579071615227,2.1708611448810573,1.0,0,0,0,0,0,0,0,1,En observacion
-0.8586625562723421,0.9889643368430681,0.0031201036243122936,0.1260063045062996,0.7432249025303093,1.0453582827004282,0.09387679251364855,1.7871369112144846,-0.5666755994224065,-0.7378750599727132,-0.25706495531918716,-0.6783808020492207,-1.0538044877422499,1.0220691374926458,-0.027177466120984487,1.5720047166836675,-0.5772038764550169,-0.7534672328467352,-0.3441023636691443,-0.717584502474307,-0.9889579071615227,0.2124576641151716,0.0,1,0,0,0,0,0,0,0,En riesgo
1.040070338592838,0.10241125893089525,1.273853216071606,1.0203000243692977,-0.3500230485809712,-0.18982952669740238,-0.8551141721292723,0.09823428736232158,2.4692489638569635,-0.08566974810462057,-0.8676984446165048,-0.0703217943163156,1.186488457203199,-0.7195928507526513,-1.0603088320309233,-0.22031850646443765,2.0004245260972375,-0.24791869153517837,-0.9589383391999978,-0.41545363449190253,0.4397317873857214,-0.16592592556178115,1.0,0,0,0,0,0,0,0,1,En observacion
-0.42684699780053714,-0.6494755286655045,1.6369198196279757,0.45305868509033725,0.38412886019448744,-0.6043677145413248,2.711904101230345,-0.36602250988772517,-0.965370836925427,-0.7378750599727132,3.8855845629809447,1.2274162880950092,-1.0538044877422499,-0.8955011429229325,2.0004364370460723,-0.4556661106677965,-1.039926408222551,-0.7534672328467352,2.7414286428860657,0.7534620945854995,-0.9889579071615227,-1.2296396482334424,1.0,0,0,0,0,0,0,1,0,En observacion
2.863077845491533,-0.6943642921040957,1.273853216071606,1.6394189728066948,-0.7011391788648862,0.6513348825067097,0.689814030463743,-0.6393717260364675,2.089236897174148,0.9204104899839595,-0.17515070675491293,-0.3533692758317362,0.4904674133679462,-0.30303925674353227,-0.189228820888765,-0.7755761243928766,1.282528977301865,0.35057257657206214,-0.6133479324472542,-0.687607024936071,-0.1430876445759256,0.6435933711149763,1.0,0,0,0,0,0,0,0,1,Saludable
0.9217940557148524,-0.3071987074462478,-1.630679612379351,-1.0469716973269598,-1.1054547228281824,-0.6678008327288533,-0.3109694593674376,0.13999532072823195,-0.965370836925427,1.172057132324183,-0.652795774140718,-1.1977557953117643,-1.0538044877422499,-0.031636008908848205,0.38618482032727314,0.8342550515710772,-1.039926408222551,2.525520535683477,-0.28566625980131166,-1.1783769399676514,-0.9889579071615227,1.581043487345793,2.0,0,1,0,0,0,0,0,0,Saludable
2.3018356884204825,-0.4867537612006121,-1.4491463106011662,-1.243880740516109,-1.3608119084892112,-0.11701074787104132,-1.5440113168330223,-0.31618172653425963,-0.3879384203257101,-0.7378750599727132,-1.3260872699155752,-1.035145122091267,0.845458770920118,1.3692701285338977,-1.5482798817759325,0.28494753545140145,0.24033062716212106,-0.7534672328467352,-1.2577437541330772,-0.9027702434723364,2.044718344189323,0.1528028797646638,2.0,1,0,0,0,0,0,0,0,Saludable
0.855802156162069,0.4278547938606801,-0.35994649993205735,-1.1820696378437212,-1.148014253771687,-0.7450654508051878,-0.18358893524997774,-1.0748326701331925,-0.965370836925427,-0.7378750599727132,0.644668756148692,1.230143951000643,-1.0538044877422499,-0.015170923831478896,0.7700840120571093,-1.035483686209341,-1.039926408222551,-0.7534672328467352,1.8329464010130228,2.774275856231429,-0.9889579071615227,-1.8165875821179593,1.0,0,0,0,0,0,1,0,0,En observacion
0.4494606919232853,-1.3059736939548987,0.0031201036243122936,0.14470750256435028,-0.4457819932038572,0.2449328710679674,0.2688482641129883,0.3208501896357175,-0.15154189244772479,-0.46379794226896465,-1.3260872699155752,0.2590959565948858,1.5683718974839038,0.1391055171341241,0.12443614760607496,0.22787870284027884,-0.1015079145796943,-0.4767286652252293,-1.2577437541330772,0.10579594153391976,1.1893204828789266,0.24697878269468998,1.0,1,0,0,0,0,0,0,0,Saludable
0.5797051339277056,1.2021859631763758,-0.35994649993205735,-0.6009602672775568,-0.8314777423793699,-0.053955380730895994,0.07622208618972531,-0.28921790971532535,-0.965370836925427,-0.7378750599727132,-0.2745159247102905,0.3770848622821885,0.9556449151972056,0.4500557829091387,0.4657519964808757,-0.07744832450280072,-1.039926408222551,-0.7534672328467352,-0.0548084480553599,0.6917688275008417,1.2598857451736767,-0.6008748338254589,1.0,1,0,0,0,0,0,0,0,En observacion
2.5352839049131486,0.4166326030010326,1.6369198196279757,2.0058045874881514,-0.5335610257748359,1.1493269940494786,0.02697474749667634,1.4659668492091655,0.34401560930762193,3.0760652487350018,0.45233199436829774,0.976401360702164,-0.17080810764990928,-0.1074922516057669,-0.6661518727841138,0.3641449641060799,-0.12110206258424634,1.590070922548505,-0.3387592195810762,-0.012103745591184736,-0.5425708118747291,0.6444544592064165,2.0,1,0,0,0,0,0,0,0,Saludable
1.1281324911641475,1.8867396056148888,-1.0860797070447965,-0.4051684385178495,-0.9112768628984413,-0.45341258445235966,-0.7585586844538114,-0.36264028896270195,0.9803544309933744,0.06238151592009052,-0.5668196620112731,-1.1977557953117643,-0.8784109924242941,-0.2872418059473222,-0.6534948505008207,-0.23954579494690287,1.7301108025433058,0.24415660975974138,-0.46175239667217777,-1.1783769399676514,-0.8090684868697214,1.5915274430525321,1.0,0,0,0,0,0,0,0,1,En observacion
-0.35955346015219336,0.304410694404555,0.3661867071806819,0.8264876081313193,0.5517070132845376,0.8806878838141593,1.428362511716925,0.6854254201788332,0.6094798859617033,-0.7378750599727132,-1.3260872699155752,-1.0832638933496335,0.6833923254499311,0.2847372818882736,0.6712997720923716,0.25403251080637557,0.42971734868806355,-0.7534672328467352,-1.2577437541330772,-1.0967013730212505,0.17895311995925983,0.8108186070015605,0.0,1,0,0,0,0,0,0,0,En riesgo
-0.9852900570200729,-1.042252208753176,-1.630679612379351,-1.731969866196126,-0.7968981234877721,-1.2447719709476197,-1.5440113168330223,-0.23200200573368457,-0.965370836925427,-0.2963541905146146,-0.4503043534473971,0.5266167415705428,-0.7728258534517934,-0.471542270652883,-1.5482798817759325,1.135717560523659,-1.039926408222551,0.5152554360585514,0.8586079606241278,3.1473368845471694,-0.3246899072352338,-1.1059324352328614,0.0,0,0,0,0,0,1,0,0,En observacion
-0.8569865532377935,0.8094092830887042,-0.5414798017102421,-0.9134888602788483,-0.16914504207107575,0.13091017030394445,-1.2614552160789743,-0.7466163145340752,-0.4577962471425211,-0.7378750599727132,-0.539665351881151,1.5814529452314212,-1.0538044877422499,1.1829623720543796,-1.137233449792509,-0.5670700182579556,-0.1171607149219421,-0.7534672328467352,-0.20491782453016794,2.6840247847400938,-0.9889579071615227,-0.9804695447497925,0.0,1,0,0,0,0,0,0,0,En observacion
-0.08764356577390206,0.22585535838702075,0.9107866125152364,0.189274643391003,-0.09732583360391125,-1.344440131911075,-0.5699320853087368,0.388118805811177,0.3192331994696554,0.8389924213958148,-0.09255948092977671,2.1667814287507086,0.579076429320075,-1.5818344560081121,-0.6631361952697862,0.26868137034134304,0.41886819528861063,0.8145598050469326,-0.22621058023548957,1.7423765959268975,0.34692205123640035,-0.9032989204102977,2.0,0,0,0,0,0,0,0,1,Saludable
-0.2438055804775304,0.05191140006248042,1.0923199142934212,1.68136308845118,0.9453826745119575,2.894594948506345,-0.8019076544436732,2.130902088010583,-0.3246786550485588,0.9411700721488473,0.6510624302790533,-0.28189051968922085,0.35180263280901974,1.2611929042259875,-1.101061580637005,0.8597629072378569,-0.5574125505599381,0.35380961759519924,-0.16124203921954663,-0.6511025628114029,-0.22633056864821868,0.9502798121311833,0.0,1,0,0,0,0,0,0,0,En riesgo
-0.3784041746954174,-0.5316425246392031,-0.17841319815387252,-0.14299950028716527,-0.06274621471231354,-0.5012126208327923,-0.6033427080315847,-0.011265115085301508,0.2739990662338431,-0.7378750599727132,0.4494736459335481,-0.23167354619575106,1.6240599272049372,-0.5175765338355801,-0.5844937186257163,0.03355214537282705,0.5469764950803154,-0.7534672328467352,0.4164063015566377,-0.2327752942542739,1.4812075729476541,0.016506884574295937,1.0,0,0,0,0,0,0,0,1,Saludable
0.16952210946883983,0.49518793901856684,-0.5414798017102421,-0.9005073143541366,-0.8288177716954008,-0.34430064730432036,0.31890359851880257,-0.2913317977934649,-0.965370836925427,-0.7378750599727132,0.33829893576091496,0.13558178502181104,-1.0538044877422499,0.35807025840234225,1.1427462531879846,0.07483468610882732,-1.039926408222551,-0.7534672328467352,0.9548097052882875,0.6616115108158367,-0.9889579071615227,-0.951371572210572,1.0,1,0,0,0,0,0,0,0,En observacion
0.22095985208586777,-0.6326422423760331,0.7292533107370516,0.10380773953869131,-0.3447031072130331,-1.52567346133646,0.2404472148092856,0.5921324929969458,0.05086668268816373,0.39514242808507033,1.6327546782242728,0.6881083735989851,0.07169660297288152,-1.7673723689956857,0.12183904648280577,0.4950771907164528,0.14868949530528097,0.40695598357698637,1.2907142113106096,0.507793333401349,-0.04058249266178047,-0.8314592538200726,2.0,0,0,0,0,0,0,0,1,Saludable
1.5685411648508898,1.3761299215009162,0.7292533107370516,0.13648626159986962,-0.8314777423793699,0.23845298771669896,-0.2640653082414081,0.594951010434465,-0.2780614230020273,-0.7378750599727132,-0.24299887223239253,1.9191236249340284,-0.03714097078389605,0.1382127562689142,-0.36391513138263004,0.4802998341737898,-0.2451380651489623,-0.7534672328467352,-0.3354431441889725,1.5768914242283008,-0.14199480537399897,-0.7826269219815676,0.0,1,0,0,0,0,0,0,0,En riesgo
-0.05216528847898623,2.077516850228901,-1.2676130088229813,-0.7758043254852268,-0.6665595599732886,0.2849744820906033,-1.5440113168330223,0.7491239142667682,-0.366511725635062,-0.7378750599727132,-0.38794722575246293,-0.15683766647707043,-1.0538044877422499,1.2040235845533291,-1.5482798817759325,1.385907067872971,-0.027188020516028553,-0.7534672328467352,-0.08945638714005733,0.16727856019495926,-0.9889579071615227,1.0969895955208788,0.0,1,0,0,0,0,0,0,0,En riesgo
-0.313224359087209,-0.6270311469462091,0.9107866125152364,0.3306508432558243,0.18197108821283925,1.4861646972239315,-0.982333097104179,-0.755494644462261,-0.965370836925427,0.9550435490102601,1.9106162339602042,-0.5682951247808066,1.8182540821295667,1.2674973827164482,-1.0613173042496356,-0.7638761688115546,-1.039926408222551,0.852671075328029,1.3246691985856491,-0.6570301721357682,1.2528310460634389,-0.7016397509136388,2.0,1,0,0,0,0,0,0,0,Saludable
1.7226182548173814,-1.4855287477092627,1.455386517849791,1.8923587483593802,-0.31810340037334256,-0.3773393350639264,2.402643742169402,-0.7696811822311078,1.3779159809466253,2.424214368757529,-0.4166811494912625,1.2594488422175845,0.36592295943344133,-1.0876833204949299,0.7219862613658512,-0.8632784947108354,0.6446023324849687,1.2370255541885427,-0.7763280598568827,0.17195024125158861,-0.2536893247835921,0.731589831923692,1.0,0,0,0,0,0,0,0,1,Saludable
-0.6499224257529207,0.8206314739483517,0.1846534054024971,0.12552055910219428,0.42402842045402295,-1.1680303927830464,0.3335687207054939,0.6061781048939169,0.3776861295357831,-0.2132145956006011,-0.3829075061438253,2.2801542895207842,-0.8396990857236327,-1.3808377202769186,0.19571849512560482,0.4963134754325215,0.5190782924943625,-0.220175545412419,-0.45151764040028436,1.907766079685515,-0.8099102384142916,-0.08318981322596268,0.0,0,0,0,0,0,0,0,1,En riesgo
2.140017883407827,0.8935757145360623,0.0031201036243122936,0.24989566982333322,-0.9219167456343176,1.2618677483968435,1.9820011741037526,-1.0748326701331925,-0.19006459538890041,-0.7378750599727132,-0.2815113564058622,-0.6325700532494677,-1.0538044877422499,1.122245422750092,1.591023691862862,-1.035483686209341,-0.17728932894610877,-0.7534672328467352,-0.40188076784764254,-0.6976585386593771,-0.9889579071615227,0.4411488665490978,0.0,1,0,0,0,0,0,0,0,En riesgo
-0.5594816159538842,-1.238640548797012,0.3661867071806819,-0.3274977484014265,-0.017526713084839596,-1.256133560141996,-0.11793928358779185,0.8708368922769748,0.17958556708901957,-0.7378750599727132,0.17311648411064276,0.6166296174564698,-0.30336465702860854,-1.3771565964806276,0.024180083276659634,1.06921710862025,0.537802773089939,-0.7534672328467352,0.26355168944246454,0.7328742158806172,-0.24397305986072695,-1.0951293956767034,0.0,0,0,0,0,0,0,0,1,En observacion
0.16229974587666002,-1.367695743682961,-0.5414798017102421,-1.1922460040597251,-0.9751161593136988,-0.5293405449764147,-0.5411270381486516,-1.0748326701331925,-0.965370836925427,-0.7378750599727132,-0.5189799355770414,1.010811877357856,0.4688109573653222,0.43043173453250216,0.1719599747289789,-1.035483686209341,-1.039926408222551,-0.7534672328467352,0.016299713966450864,2.440709655117377,1.362416797022673,-1.6053001898740205,0.0,1,0,0,0,0,0,0,0,En observacion
0.5625073845766313,1.6735179792815815,-1.4491463106011662,-1.514064477914529,-1.2278133742907589,-1.7451177620933156,-0.9894434593765142,0.18950727704732004,-0.965370836925427,0.2993951844904299,-0.2304371830586242,-1.1977557953117643,1.006414628902991,-2.007470847845096,-0.34907264072336275,1.6466878762231523,-1.039926408222551,1.7010739616797794,0.9226061479187119,-1.1783769399676514,3.02198415791269,-0.7892625057827374,0.0,0,0,0,0,1,0,0,0,En riesgo
-0.7499181806870651,-0.8795304412882837,1.6369198196279757,1.3568365839684895,1.5678158145607157,0.04719472664921694,-0.48424413996997,4.11744015326478,-0.3276715901799509,0.07098914754943413,1.1794055725338397,0.97388351802004,1.4190772081178287,-0.6449809775994513,-0.8591424322465694,2.2768649146396327,-0.5217034317438856,-0.17788170898589517,0.24160727698334197,0.17068895525754196,0.4587873650153042,-0.13882058240538808,0.0,0,0,0,0,1,0,0,0,En riesgo
-0.9327522574284781,-1.1881406899285971,-0.35994649993205735,-0.21010522786430022,0.5703268080723211,0.02418097053170785,2.90214669180095,-0.5832832290298344,-0.965370836925427,-0.7378750599727132,-1.2508675742642672,-0.779094509334174,0.5843120560459841,0.16773676289271244,3.12756694668213,-0.5283461737602096,-1.039926408222551,-0.7534672328467352,-1.1849453725052372,-0.7577585391489082,0.5620485588417279,0.21681539492806637,1.0,0,0,0,0,0,0,1,0,En observacion
0.21378932363908698,-1.2498627396566597,-0.723013103488427,-1.1880321626791126,-0.991075983417513,-0.9664856801175872,0.13924575178542362,-1.0748326701331925,-0.33982472071348246,-0.7378750599727132,-0.3622220898397157,-0.6182323379762625,-0.1524040864315621,-0.45035684875634635,1.3312023156349175,-1.035483686209341,0.2973730126871892,-0.7534672328467352,0.2596385390926194,-0.23130045884393383,0.39931588958633224,-1.3267703849479764,2.0,0,0,0,0,0,0,1,0,Saludable
0.051015448166860926,0.37174383956244134,-1.0860797070447965,-0.2629057532905362,-0.43780208115195,-0.006562153170722507,-0.6265321849879507,-1.0748326701331925,1.4955247273597374,-0.7378750599727132,-0.3882481045350681,-1.1977557953117643,-0.9624983307495013,0.17534213936422288,-0.5629084355671988,-1.035483686209341,2.263026146715913,-0.7534672328467352,-0.3308138076959073,-1.1783769399676514,-0.9006708032412335,1.9973747494695324,1.0,0,0,0,0,0,0,0,1,Saludable
-0.2712666886174912,1.331241158062325,1.6369198196279757,1.3740684021791219,0.7911043748417523,1.072963166932289,0.7095695256408566,0.33090290182953613,0.790869893924861,-0.7378750599727132,0.2832381185441574,2.8556212225350865,-1.0538044877422499,0.12583918722408285,-0.08896338104184648,-0.1424596839119248,0.38130818484946566,-0.7534672328467352,-0.2987075923550376,1.32913744533324,-0.9889579071615227,-0.11802255684360709,0.0,1,0,0,0,0,0,0,0,En riesgo
-0.7658661270879779,0.9889643368430681,0.9107866125152364,0.9648886173959963,1.280538980692058,1.5623541777038672,0.7764311708721904,-0.12189192450793221,-0.5193328073440223,0.9688663927444412,0.006504858242995708,0.8924732712980362,-0.0009675497685238926,0.7721940590947203,0.11990015775388267,-0.3634034035746501,-0.6391986990608435,0.589231891984275,-0.37611829222296245,0.257165629616144,-0.3075194279783202,0.20303771897740153,0.0,1,0,0,0,0,0,0,0,En riesgo
0.7514752868568567,-0.7785307235514538,1.273853216071606,0.37172061717291993,-0.483021582779424,-0.243499233198715,0.48017954278676944,0.024436105789942368,0.14861322322931034,-0.35716457631956605,-1.2295051806992958,1.553406975355542,1.6832383747432431,-0.5055822413100767,0.18355067960413743,-0.11282520505722428,0.1511463454239938,-0.3970262489515653,-1.1816996925488814,1.0702650030912497,1.1193253847976303,-1.0139657842638758,1.0,1,0,0,0,0,0,0,0,Saludable
0.09417684590194181,-0.3520874708848391,0.1846534054024971,-0.14144511499402893,-0.3979025208924142,-1.0248336880518782,0.654221819316429,0.16583173057215847,-0.965370836925427,-0.1580244869183388,0.5061140767589829,1.1100568430782374,2.141435040937957,-1.145260931481429,0.7026335197821045,0.21081605162447317,-1.039926408222551,-0.10372666267542952,0.46878177413946404,1.0791641591779912,1.9566971294179054,-0.5486122015551924,0.0,0,0,0,0,0,0,1,0,En observacion
1.3922095191266777,-0.9412524910163464,-1.630679612379351,-1.1532892226504876,-1.2278133742907589,0.7012270785341885,-0.6966258130703461,-1.0748326701331925,-0.965370836925427,-0.7378750599727132,-0.4814453074470386,-0.1499835391757334,-1.0538044877422499,2.778206661893988,-0.13025902143832757,-1.035483686209341,-1.039926408222551,-0.7534672328467352,0.042991803783007834,0.49663753911605235,-0.9889579071615227,1.1640020357400616,2.0,1,0,0,0,0,0,0,0,Saludable
0.0671246594645683,-1.2666960259461313,0.3661867071806819,1.1208493230190761,0.28836991557160147,-0.3616481377110791,0.39946077108150946,2.4779085598598285,0.7844758961441596,-0.7378750599727132,1.202121920620535,-0.9561827779768836,1.5685305528392344,-0.8916382106628925,-0.20741944964392756,1.3691669586182673,0.46880055584040026,-0.7534672328467352,0.3474706298130053,-1.0191546840903556,0.6399137791859518,1.296992993339494,0.0,0,0,0,0,0,0,0,1,En observacion
0.6882594473131882,-0.5035870474900838,0.0031201036243122936,-0.5810568493443456,-0.8580774492190605,-0.9509107138562425,0.3201559918735889,-0.7215784846307791,-0.965370836925427,0.49605425065731684,1.5105978924865486,1.2794517035255684,-1.0538044877422499,-0.863959639622918,0.7476964782526776,-0.6086556023704176,-1.039926408222551,0.9096071072603731,1.9574594869579451,1.736330650105451,-0.9889579071615227,-1.0927320302305799,0.0,0,0,0,0,0,0,1,0,En observacion
0.9105919048481949,1.701573456430701,0.3661867071806819,-0.1548274008771274,-0.7543385925442673,-1.2736844549588844,-0.39508181306631207,-0.021411777860370813,0.5853323411516077,-0.7378750599727132,0.33649366306528355,2.7197276577749037,-1.0538044877422499,-1.4402341012830353,-0.36574676335005646,0.028181644496166725,0.954665170614753,-0.7534672328467352,0.31702756157732054,2.673542385701033,-0.9889579071615227,-0.8099431910835078,0.0,0,0,0,0,0,0,0,1,En riesgo
-1.3335703989520304,-1.1544741173496538,0.5477200089588667,1.5730175760655127,3.8686904561939466,0.24934965254506508,0.26226309905395057,0.1673349398721687,3.3060917655949913,-0.7378750599727132,-0.7629926282698841,-0.18942974119567352,-0.593941940316565,-0.5671482957872684,-0.43246440273676867,-0.2826968815277126,2.257617849947574,-0.7534672328467352,-0.9376296457129536,-0.5833183598500142,-0.7331993810292127,1.6869162835010079,0.0,0,0,0,0,0,0,0,1,En riesgo
-0.9723888652764671,-0.5540869063584987,-0.35994649993205735,-0.29406632096388546,0.5596869253364448,0.2535630296120334,-1.2612532171507829,-0.5504005255921097,0.7408289254780247,-0.7378750599727132,-0.6415128197930219,-0.9380682986804926,1.0974828028627437,0.5337943468110588,-1.2407428349812686,-0.4759131552631811,1.2791637672995633,-0.7534672328467352,-0.5725429862234243,-0.9085511193385928,1.117603994298028,0.04116417260774505,1.0,0,0,0,0,0,0,0,1,En observacion
-0.2071350948384509,-0.5653090972181464,-0.35994649993205735,-0.16392298356899718,-0.21436454369854968,1.4298216756180602,-1.239881730548139,0.9352400157242897,-0.965370836925427,0.9559549453004256,-0.7392232044440709,-0.357775500525453,-1.0538044877422499,1.8261144396395157,-1.2341536598280656,1.0012789904767683,-1.039926408222551,1.1610276041071783,-0.6999189686492825,-0.3495483961415969,-0.9889579071615227,0.313431188749904,0.0,1,0,0,0,0,0,0,0,En observacion
0.29626479942856665,-0.722419769253215,-0.17841319815387252,-0.7874014970082387,-0.8208378596434937,-0.6002415107929834,0.06272855778654358,0.2150618351474946,-0.965370836925427,-0.7378750599727132,1.269744427011061,-0.802314614069316,0.11310565071416277,-0.18562997709342544,0.6388435904326925,0.6870394682492241,-1.039926408222551,-0.7534672328467352,1.994020332500013,-0.664144221117454,0.44111629219733534,-1.247359741893903,0.0,0,0,0,0,0,0,1,0,En observacion
-0.6504983718129032,-0.6326422423760331,0.9107866125152364,1.2191277619046625,1.2619191859042747,0.596938731683506,1.476882654268485,1.9010519909808878,1.084132189299296,-0.2836452755795249,-0.6754369025317617,-1.1977557953117643,-1.0538044877422499,-0.16528167037579947,0.48430259925376323,0.9288349478648233,0.6833963886280724,-0.4190203432038644,-0.8548642774165229,-1.1783769399676514,-0.9889579071615227,0.5656847188556047,1.0,0,0,0,0,0,0,0,1,En observacion
-0.9606050088892271,1.8867396056148888,-0.35994649993205735,-0.507745724229767,0.3389093585670135,-0.7140898649197525,0.07395969819398228,-0.09225051612335483,0.02835164794973677,-0.7378750599727132,0.8301605256248175,-0.7046782700625142,-0.3761874651253445,-0.5715465274489828,0.3792792409522398,0.11290522051878919,0.43954801222693474,-0.7534672328467352,1.1062722282113138,-0.6171968433549946,-0.2621582620304037,-0.40586488552768785,0.0,0,0,0,0,0,0,0,1,En riesgo
-0.04383710845164069,-0.22864337142871358,-0.9045464052666118,-0.8044268734221263,-0.685179354761072,-0.5081283707771953,-0.7183608977437344,2.0358710750755593,-0.965370836925427,-0.7378750599727132,-0.8105314759215106,-1.1977557953117643,0.8517256574556761,-0.021813098897186092,-0.41454773470712364,3.1549218387922955,-1.039926408222551,-0.7534672328467352,-0.6062583399023497,-1.1783769399676514,1.3667612178053143,-0.009684239523311874,0.0,0,0,0,0,1,0,0,0,En observacion
0.00688070159040949,-1.1713074036391253,1.455386517849791,1.4156360651354252,0.5038275409730947,-0.23335807046511559,1.0365249908113612,0.7704037209200387,0.3056289488724186,0.9965120802128039,-0.28910854566664423,1.1334168279623862,2.9371709755984794,-0.8744800306561128,0.10607789786996624,0.1250416364817968,-0.02163913684927057,0.4632912050926746,-0.6459513513749771,0.24934613854097548,1.3145618974235098,0.13319179594201327,0.0,0,0,0,0,0,0,1,0,En observacion
-0.8125638336313508,-0.6158089560865614,0.0031201036243122936,0.08454793426592015,0.6315061338036093,0.4732107347790182,-0.6307337626943306,0.18715851251605398,-0.965370836925427,1.150993751395907,-0.7471212724874582,0.5389961347576516,1.9336758531325635,0.43614687345617525,-0.6877102280628835,0.13111829612389336,-1.039926408222551,1.1942409860659349,-0.7556890145771797,0.38502668655623123,1.5454804230421162,0.13592837916031753,2.0,1,0,0,0,0,0,0,0,En observacion
0.3836242978066974,-0.11642146283223598,-0.35994649993205735,-0.3785253031026787,-0.6585796479213815,-0.08539589098234181,0.0028156756849918594,0.32202457190135053,-0.965370836925427,-0.7378750599727132,0.5814842118015934,1.3894674407194791,-0.44456792327282435,0.17801768028875306,0.19405163227295152,0.5080788158585126,-1.039926408222551,-0.7534672328467352,0.719611218446977,1.6056474410048749,-0.3711286947834325,-0.13552866095283267,0.0,1,0,0,0,0,0,0,0,En observacion
-0.9297227811529708,0.49518793901856684,0.1846534054024971,0.5640757971985824,1.277879010008089,-1.205834555294258,-0.25570255261428665,-0.5827195255423305,1.1308174425988138,2.7220890562600517,1.1848966103163854,-1.1977557953117643,0.3506920453217058,-1.4994100712328315,-0.5100475049126582,-0.6464181894682026,1.0711807033749812,2.2978338224037413,0.6044861693235903,-1.1783769399676514,0.03007616887158286,0.6813782422744827,1.0,0,0,0,0,0,0,0,1,En riesgo
-0.22827807470040484,1.2639080129044384,0.5477200089588667,-0.17328572623312513,-0.20372466096267347,-0.045790146552840486,0.6019444967005096,0.3179377216169476,-0.965370836925427,-0.50567153848936,-0.37185021088308307,1.6680387574666797,-0.05586230271290443,0.051844311615185004,0.6762708396623577,0.38091073937725317,-1.039926408222551,-0.4900590898668511,-0.3474268961266478,1.659651030083726,-0.057591977014309306,-1.0531055968741232,0.0,1,0,0,0,0,0,0,0,En riesgo
-1.3502267590067216,1.3592966352114442,-0.723013103488427,-0.8691281612489401,0.724605107742526,0.562359981961491,-1.3230244893916951,0.7498755189167734,-0.965370836925427,-0.7378750599727132,-0.28173701549281616,-0.5686448251533238,-0.4056180335391671,1.8240808635246302,-1.2343884990626184,1.5071838208800394,-1.039926408222551,-0.7534672328467352,0.10738606215574709,-0.32470629882127033,-0.16004980335759636,-0.5569649596090934,2.0,1,0,0,0,0,0,0,0,En observacion
0.1493639973694558,-0.49236485663043605,0.5477200089588667,0.14654119146484715,-0.2808638107977758,1.7010759854121869,0.7543728879136957,-0.5601713860421765,-0.965370836925427,-0.7378750599727132,-0.9660858065284154,0.9259745669851837,0.28016973987726307,1.707425975222987,0.5710840066114318,-0.5699109426926482,-1.039926408222551,-0.7534672328467352,-0.9522502800388698,0.6924445898622306,0.11849117983748993,-0.5512839767283708,2.0,1,0,0,0,0,0,0,0,Saludable
-0.9645559988607064,1.0394641957114834,-1.4491463106011662,-1.7031651637326872,-0.786258240751896,-1.5909953347609054,-1.1796860499471193,-0.35836553751579775,-0.965370836925427,-0.7378750599727132,-0.7461434164439912,-0.2050263778099405,1.6921230746417557,-1.5473910372394146,-0.6179596558966058,0.7593432948964164,-1.039926408222551,-0.7534672328467352,0.10509316662408019,1.2433442626081261,5.323895087271136,-1.448610889249146,1.0,0,0,0,1,0,0,0,0,En observacion
-0.802415664054461,-1.2610849305163077,1.273853216071606,2.2744096523232296,2.4589059936903483,-0.34688678909025256,0.6139432330350754,-0.34953418287823745,2.5091320918578632,3.5173329525569432,1.5151862939212786,-1.1977557953117643,0.6605459542823277,-1.1387210518215536,-0.4013577675882517,-0.6573097875357197,1.267828529096623,1.721396468543707,0.13195111175008004,-1.1783769399676514,-0.1686353282400497,1.4738655014962332,0.0,0,0,0,0,0,0,0,1,En riesgo
1.1485612979117228,0.5232434161676862,-0.723013103488427,0.469549741559709,-0.5947403515061241,0.49323154029033617,-0.6213206126406142,0.265748173732216,1.2336882508649194,-0.7378750599727132,-1.3260872699155752,-0.26062873704017503,1.0259292376086524,0.16322580645222237,-0.7828537991472061,0.055512587330938626,1.239834929817136,-0.7534672328467352,-1.2577437541330772,-0.4357072991718363,0.5643168160019417,2.674482459494614,1.0,0,0,0,0,0,0,0,1,En observacion
-0.26963100180714106,0.28757740811508314,-0.5414798017102421,-1.1854334247671499,-0.8022180648557102,-1.2961751711646319,1.274883726077144,-0.6369759862145762,-0.965370836925427,0.12496406117814203,-0.47888783779489424,-1.1977557953117643,-0.5875957261033418,-1.111164777763913,3.26587735262357,-0.3018884637134929,-1.039926408222551,0.8590711106300614,0.07375814458862937,-1.1783769399676514,-0.27212947237681706,-1.590029878747264,2.0,0,0,0,0,0,0,1,0,Saludable
-0.19378466516805895,-1.3845290299724329,-0.9045464052666118,-1.0719754420032754,-0.7676384459641126,-0.6751815070392666,-0.2655601003100241,-1.0748326701331925,-0.965370836925427,0.9084104388301097,-0.33867832510085616,-0.07829496280970764,-0.42259415655953914,-0.015909191601557186,0.4873360848886879,-1.035483686209341,-1.039926408222551,2.115038342987207,0.18910626523159804,0.5244506274777686,-0.08410243960968684,-0.7093421311492382,2.0,1,0,0,0,0,0,0,0,Saludable
3.6196405898844146,1.2582969174746146,1.273853216071606,0.4583654536301865,-1.089494898724368,1.011738439483309,1.1718642726995598,0.2507160807321133,-0.965370836925427,-0.7378750599727132,1.1266013461866218,1.681327371622333,-1.0538044877422499,0.6753849751812846,0.7125554303479672,0.04704124450107758,-1.039926408222551,-0.7534672328467352,0.6212106481507065,1.1112427325724776,-0.9889579071615227,-0.9006746836658597,1.0,1,0,0,0,0,0,0,0,En observacion
1.1750836139739125,-0.21742118056906604,-0.723013103488427,-0.5105509039384746,-0.9618163058938535,0.3662490728237767,-0.19009330073773897,-1.0748326701331925,-0.5248198550849078,0.1885592689808223,-1.3260872699155752,0.26070457830846483,0.4968929552588347,0.936739429781406,0.06672311277619632,-1.035483686209341,-0.38320297705708684,0.45583390591972717,-1.2577437541330772,0.4836026261467089,0.676376534380874,0.30860811831659585,1.0,1,0,0,0,0,0,0,0,En observacion
0.18866079704205477,-0.06031050853399718,1.455386517849791,0.32392326940896715,-0.21436454369854968,0.09176935024045332,-0.02615097061764653,-0.6220378437957241,-0.14195089577667278,1.0229932057548434,0.1575460071108221,1.0324933004539225,0.5239436933426985,-0.14167333738545512,-0.22944722340935303,-0.6495235244270541,-0.1458294205540592,0.9207954683896661,-0.07143096341160118,0.6728571161214324,0.2452519042590415,-1.2371621138002702,1.0,1,0,0,0,0,0,0,0,En observacion
-0.6116335316852907,0.6017987521852205,0.9107866125152364,1.3777600672503214,1.3097986582157177,1.0134237903100964,1.2544010347585417,0.07963207227469446,0.19332586019222864,1.1751963862125319,0.21448731671886212,1.0318638397833917,-0.2782177832087117,0.07889916838145931,0.26222352874811383,-0.30274105736087203,-0.10309211302695388,0.6009662631377076,-0.34049921025973146,0.1996842435922206,-0.5371941127966336,0.7919580164964625,1.0,1,0,0,0,0,0,0,0,En riesgo
-1.4022980422897302,-0.3913651388936062,0.3661867071806819,0.5877680292838142,2.9164209513330253,0.4320649283871079,-0.11591929430587844,1.2258761388231503,0.8924029508822384,-0.7378750599727132,1.0146744390574756,-1.0271020135233713,-1.0538044877422499,0.029096008287716094,-0.4055704089164837,0.7705441335104781,0.817783249872248,-0.7534672328467352,0.46591626591551016,-1.0479264745838588,-0.9889579071615227,0.41654401596892543,1.0,0,0,0,0,0,0,0,1,En riesgo
0.5460641245641337,-0.06592160396382113,0.3661867071806819,0.9941304907231298,-0.11328565770772558,-0.49481991080015086,1.7780226564161363,-0.03287374877294911,1.735276970385041,-0.7378750599727132,0.14009503771971848,-1.1977557953117643,0.7048901260972245,-0.9649053571865915,0.8212913353552959,-0.30636296655500556,1.3674224010338776,-0.7534672328467352,-0.2953153311132068,-1.1783769399676514,0.1404467089640143,1.0877013381647287,0.0,0,0,0,0,0,0,0,1,En observacion
-0.3783350611682195,-1.14886302191983,-1.630679612379351,-1.5166510721913893,-0.9644762765778225,-0.6940981171813101,-0.8713952857414945,-1.0748326701331925,-0.965370836925427,0.6751942548021279,-0.2898607426231575,-1.1977557953117643,-0.5025564556461513,0.6550032885057194,-0.09074950830421528,-1.035483686209341,-1.039926408222551,2.597365298707835,0.808682329537019,-1.1783769399676514,0.0864937184933935,-0.2613222720779523,2.0,1,0,0,0,0,0,0,0,Saludable
0.1712441881881871,2.077516850228901,-0.723013103488427,-0.8326608250357416,-0.7942381528038032,-0.8365974353634631,0.2708682533949017,-1.0748326701331925,-0.965370836925427,1.0159045679424428,-0.4079556647957108,0.5748753929779161,-0.3081243176885259,-0.5275921068109133,0.9805238900951452,-1.035483686209341,-1.039926408222551,1.9206546468475072,-0.08044407510373941,1.1812089270414516,-0.05352349743687563,-0.468936107231322,2.0,0,0,0,0,0,0,1,0,En observacion
2.4115015777017312,-0.6943642921040957,-1.4491463106011662,-1.5519404757996327,-1.4539108824281282,-0.19221226407320524,-0.7460751506915865,-0.4249295243318776,-0.965370836925427,-0.7378750599727132,-0.784956779400066,-0.8953349131588908,-1.0538044877422499,2.042400281253996,0.23180274515763505,0.3868575364285106,-1.039926408222551,-0.7534672328467352,-0.14680840312967128,-0.5338606935665424,-0.9889579071615227,-0.9213269553095629,1.0,1,0,0,0,0,0,0,0,Saludable
2.4643791854687156,1.1965748677465518,-1.2676130088229813,-0.9766357628125255,-1.3049525241258613,-0.49795815027072027,-0.35448002849985244,-1.0748326701331925,-0.965370836925427,0.13726791109538036,-0.8101553774432542,-0.2582507745070581,1.8004846823325418,0.18907067772302102,0.2438483661958991,-1.035483686209341,-1.039926408222551,0.6893492074318888,-0.5424237676361297,0.17382763904510104,2.8825897871899415,0.46676398486131543,2.0,1,0,0,0,0,0,0,0,En observacion
-0.6650698071304577,-0.9917523498847612,-1.0860797070447965,-0.5538793939846594,-0.07870603881612787,-0.6855551319558711,0.34677945060920756,-0.5768945895047908,0.3979564629256659,-0.7378750599727132,-1.3260872699155752,-1.1977557953117643,1.0674176130275987,-0.500787635684843,0.7516501559779322,-0.44128780206110146,1.0324882583110675,-0.7534672328467352,-1.2577437541330772,-1.1783769399676514,1.3340501930463882,1.1672844968824432,0.0,0,0,0,0,0,0,0,1,En observacion
0.885423062026964,-1.2947515030952508,1.273853216071606,1.241350614142476,-0.19308477822679723,-1.4573295795329477,0.6526866274621748,0.802346918545257,2.8466082016733174,-0.7378750599727132,0.123847583459036,-0.933032613316245,1.5754320607961145,-1.7823663404647432,-0.07848268772574123,0.19670166011467538,2.1475204126858536,-0.7534672328467352,-0.36495167355603964,-1.0091657318743052,0.594877908670151,0.12310531538926188,2.0,0,0,0,0,0,0,0,1,Saludable
-0.543090191086785,0.28757740811508314,0.0031201036243122936,0.18796313079991903,0.3362493878830444,-0.9515499848595066,2.467929795760843,-0.08515724723893127,0.3125217691750187,-0.7378750599727132,0.47918542571581463,-0.23405150872886804,-1.0538044877422499,-1.164094150020406,2.0989904835855806,-0.15283203191363687,0.41189480914079524,-0.7534672328467352,0.2525832626316007,-0.3414119725249614,-0.9889579071615227,0.3268256816429006,2.0,0,0,0,0,0,0,1,0,En observacion
-0.13425488040827793,-0.542864715498851,-0.723013103488427,-0.5963578295736599,-0.5202611723549907,-0.5762979059434535,0.057476585653568904,0.13835118555634562,-0.965370836925427,1.1992977547746941,0.3175382997611539,-0.39799104336493085,-1.0538044877422499,-0.3126226029306544,0.4381934322065472,0.44079667074238743,-1.039926408222551,1.8759911184306748,0.6184458753571167,-0.23067577668747438,-0.9889579071615227,0.1014779581762912,0.0,1,0,0,0,0,0,0,0,En observacion
0.5295920672486368,-0.7953640098409255,-1.2676130088229813,-1.6111771278302633,-1.2650529638663255,-1.7451177620933156,-1.3826949727794173,1.0205001682092474,-0.965370836925427,-0.7378750599727132,0.6948402931481145,-0.6632038058819743,-0.2161042115967898,-2.007470847845096,-1.1696646023206687,3.789056529573386,-1.039926408222551,-0.7534672328467352,3.107266638945848,0.02018310786316842,0.7811586022967436,-1.5244791421065254,2.0,0,0,0,0,1,0,0,0,Saludable
0.30436836049251886,1.7464622198692918,0.1846534054024971,0.054140271968934096,-0.4165223156801976,-0.011792552288338105,-0.19974884950528501,0.7844493328170097,0.1322427750106353,-0.7378750599727132,-0.7854080975739739,0.8667353238807703,-0.008027713080734574,-0.0773976447805407,-0.26785638183570065,0.7019089433611131,0.26661873853265594,-0.7534672328467352,-0.7838030898113922,0.7002159038354454,-0.09214472292317048,-0.20763271709237494,1.0,1,0,0,0,0,0,0,0,En observacion
-0.38785544953972845,-0.7392530555426867,-0.723013103488427,-0.12638700746676731,-0.041466449240561094,-1.0000764655618304,0.017399998300406748,-0.497882150673001,1.0278559393287263,0.4956491856394654,-1.0069301012670757,-0.8363054902779877,0.34902616409073467,-1.1207468557467632,0.0413692294589852,-0.4592406845141367,1.4960548262664992,0.6207978029511815,-0.9587216298999127,-0.8268305631476862,0.2968693403835473,1.2359450297287873,0.0,0,0,0,0,0,0,0,1,En observacion
0.16603763580594622,-0.6663088149549762,-0.9045464052666118,-0.9631927587539139,-0.8607374199030293,-0.29179325171803355,-0.8115632032112192,1.3716874409241462,-0.965370836925427,-0.7378750599727132,-0.20674297892846216,-1.1977557953117643,-0.10813924229433043,0.5329035396146734,-0.45309402174559243,2.5532637834336316,-1.039926408222551,-0.7534672328467352,0.2824998749759574,-1.1783769399676514,0.28408141955184385,-0.4248679393743179,1.0,0,0,0,0,1,0,0,0,Saludable
1.8746852930345346,-1.2161961670777164,-0.9045464052666118,-0.8106929891350836,-1.187913814031223,-0.11128636661453958,-0.0029210938756422944,-1.0748326701331925,0.07639732630897815,-0.7378750599727132,-0.43631349005625386,-1.1977557953117643,-0.4637652212678245,0.6236913736967441,0.5746922274522824,-1.035483686209341,0.7535376519297942,-0.7534672328467352,-0.1297398663230882,-1.1783769399676514,-0.25716100547633214,-0.0260705626932004,1.0,1,0,0,0,0,0,0,0,Saludable
-0.3482073227705402,-0.40819842518307786,-0.5414798017102421,-0.345907499217014,-0.2196844850664878,1.5706065852005497,-0.33112895240093326,-0.48444721755415915,-0.965370836925427,-0.7378750599727132,-0.40065935431753397,-0.5401792148304239,0.48967413659129333,2.299337941011529,-0.20064671974918133,-0.3919492347020129,-1.039926408222551,-0.7534672328467352,-0.31148399121483805,-0.4803865763286027,0.555041239200205,0.2917569646146716,1.0,1,0,0,0,0,0,0,0,En observacion
-0.8568080099591987,-0.015421745095406298,-0.5414798017102421,-0.33015720448890257,0.34156932925098255,-0.19497275249639115,1.6820731655252492,-1.0748326701331925,-0.1268275038627446,-0.7378750599727132,-1.3260872699155752,0.8286179832763958,-1.0538044877422499,-0.007093500282478407,2.0128775490939983,-1.035483686209341,0.11684173814111948,-0.7534672328467352,-1.2577437541330772,0.9585273724294829,-0.9889579071615227,0.32706105290594256,0.0,0,0,0,0,0,0,1,0,En riesgo
-0.9679598400752023,0.45029917557997595,-0.35994649993205735,-0.017349307880250502,0.8150441109974738,-1.1665484463663887,0.030408729275929,-1.0748326701331925,1.417776435196529,-0.7378750599727132,1.2079138371856857,0.7074118341619344,-1.0538044877422499,-1.3463661807867144,-0.009376789737496116,-1.035483686209341,1.8711051694773517,-0.7534672328467352,1.0216126169080846,0.6006148210329912,-0.9889579071615227,0.6200713758205257,1.0,0,0,0,0,0,0,0,1,En riesgo
-0.2832118099015263,1.3200189672026774,1.6369198196279757,1.6420055670835552,0.9746423520356168,0.7627714414848005,1.9846675599558787,0.5999773665313742,0.069323115998415,1.8591486688547332,0.4109611617600784,-0.34980233203206085,0.5417924208173887,-0.22483290880412243,0.5972905363556694,-0.0364518321325299,-0.2536994704797984,0.974539421462785,-0.2857637470833908,-0.6858242051997385,-0.11548940270303279,0.20536548825515305,0.0,0,0,0,0,0,0,1,0,Saludable
-0.003469049107474399,-0.9805301590251135,-1.2676130088229813,-1.3096263809617492,-0.9830960713656058,-0.8303500141951999,-0.4377843864859615,-0.9622328985042983,-0.965370836925427,0.1971162674829345,-1.2176204687863892,0.58389766258886,-0.11313688598724364,-0.023534789135476464,0.5040014245246509,-0.830550015940431,-1.039926408222551,1.144720239169779,-1.0725594115618844,1.979287518450187,0.582208834383449,-0.5781880329096287,2.0,1,0,0,0,0,0,0,0,En riesgo
0.5016126076546918,1.4378519712289786,-1.0860797070447965,-1.268556607044654,-1.1054547228281824,-0.9692752263136488,-1.0659606533753945,-0.5426496026389318,-0.18557519269181222,-0.7378750599727132,-0.3040020454056033,0.4836035957509274,-1.0538044877422499,-0.37152399267142316,-0.6860057331622684,-0.09377703208651207,0.717825666583233,-0.7534672328467352,0.43883224993200587,1.7188470723145342,-0.9889579071615227,-0.871548254056804,2.0,0,0,0,0,0,0,0,1,En observacion
-0.98406905137291,0.10241125893089525,-1.0860797070447965,-1.812822188709438,-0.8766972440068437,-1.100703533030182,-1.027055659805742,-1.0748326701331925,-0.965370836925427,-0.7378750599727132,-0.579983108750252,0.20132545505504443,-0.08862463358866908,0.1416180800060502,-0.07352992135908733,-1.035483686209341,-1.039926408222551,-0.7534672328467352,0.7010077030765355,2.634546796375802,1.4899864467114894,-2.424230322029789,1.0,1,0,0,0,0,0,0,0,En observacion
0.023416112972504236,1.471518543807922,1.0923199142934212,0.8857242601619497,0.20059088300062264,0.38946623335141545,0.17439356529071717,0.5801068185968636,1.2112639111304742,0.4641553805015139,0.6595622558876512,-1.0634009121906565,-1.0538044877422499,-0.17444821013450845,-0.28599926544882753,0.15711871709936295,0.9581925798424762,0.21277215926335824,0.0845506545129888,-1.0840938185615034,-0.9889579071615227,-0.1352768185744885,1.0,0,0,0,0,0,0,0,1,En riesgo
0.47928317890917443,-0.17814351256029873,0.5477200089588667,0.4240961153705637,-0.33406322447715686,0.024384374941837497,0.04329626089453656,0.5618804058342391,0.15466711474508077,-0.15042951783362382,-1.3260872699155752,2.073341489214113,0.4113777187356523,-0.2668665650700487,-0.21265075446288792,0.315594524730364,0.13785014487886263,-0.21254944629609387,-1.2577437541330772,1.4510937480201334,0.12100855424401982,-0.11578885769236368,0.0,1,0,0,0,0,0,0,0,En observacion
-0.5459008078594992,-0.5091981429199075,-0.5414798017102421,0.5149426495733403,0.5756467494402591,0.9302023287942551,-0.3665191646200564,0.8420410391236531,1.3059721690382378,-0.7378750599727132,-1.3260872699155752,-0.7394384870907237,-1.0538044877422499,0.5509033777796993,-0.5850672328049037,0.502815473257471,1.2820203293915848,-0.7534672328467352,-1.2577437541330772,-0.8202141241365343,-0.9889579071615227,2.2213417871897696,1.0,0,0,0,0,0,0,0,1,En observacion
-0.38769994410353326,0.43346588929050406,-1.4491463106011662,-1.3698102365303846,-0.8633973905869984,-1.6677078551526028,-0.3005463146727642,-1.0748326701331925,0.08097742401004797,-0.7378750599727132,-0.36538131705707055,-0.3141328940353065,-0.3757908267370181,-1.8322573608923347,0.8592982469201635,-1.035483686209341,1.4918680995292788,-0.7534672328467352,0.454052509707439,0.4560438109340944,0.1929365500768511,-0.2862828341158048,1.0,0,0,0,0,0,0,0,1,En observacion
0.030851576606876947,1.050686386571131,1.0923199142934212,0.7526421630722249,0.12345173316552004,-0.04515087554957626,0.30023889755392263,1.2607318044671387,-0.965370836925427,2.0954028405166016,-0.014105338365462726,0.5143772285324409,1.8473673398327282,-0.492178776566339,-0.14206539657076447,0.7115719329453456,-1.039926408222551,1.6105996352881204,-0.3371365946461727,0.06877483762088925,1.0026259832072326,-0.316851859645071,0.0,1,0,0,0,0,0,0,0,En riesgo
-0.6124052994056669,-0.4643093794813167,0.5477200089588667,1.7094027419031528,1.5598359025088084,-0.0054870155743237045,-0.5021008452220846,-0.9681048098324634,4.2600671649752275,0.657219494634969,-0.23758305414549835,-1.0742416237386898,-0.6628776922077018,-0.7896145756494705,-0.9243364735403731,-0.972782501494495,2.8706688643049385,0.1607666215206835,-0.6578702460742244,-1.1077156324720594,-0.7781903965233745,1.9009102317812578,1.0,0,0,0,0,0,0,0,1,En observacion
0.6172452981173586,-0.8121972961303972,1.0923199142934212,1.7734604170695274,0.18197108821283925,1.3674927527998058,0.21802533378004668,0.7557944055355639,0.26914688352082866,2.4100877262599596,-1.1894130829171485,-0.2656644224044227,2.98548153129664,0.1406948548155169,-0.5080393502974732,0.024750641200463285,-0.12912952519586893,1.2802346059540983,-1.1834897116000211,-0.652689738643043,1.1579670710183738,1.0759359040628633,2.0,1,0,0,0,0,0,0,0,Saludable
-1.0130276192688252,0.6242431339045159,-1.2676130088229813,-1.1812317270216397,-0.23564430917030213,-0.8023964366888313,-0.26867088380417065,-0.9070839073101715,-0.0076315948799546415,-0.7378750599727132,-1.1627100909609345,-0.003249262867516854,-1.0538044877422499,-0.1303894570884928,0.6239297601088355,-0.7551869245234436,0.9986559634922312,-0.7534672328467352,-1.0016601516690053,0.7652558578058523,-0.9889579071615227,-0.17527502157188746,0.0,0,0,0,0,0,0,0,1,En observacion
-0.16837968446223517,0.6579097064834593,1.0923199142934212,1.5977177298642629,0.7990842868936594,1.8590049809913058,-0.3647011742663342,0.33250006171079693,1.7149839632441632,-0.4847094238155466,1.0425809461441107,0.10340935075022878,-0.9410005301022077,0.5804874693477251,-0.8239080172377908,-0.1874492765576949,1.0175326365002098,-0.583299523334075,0.08116981126938748,-0.41486463157572623,-0.9265770547199169,0.8361554501552575,0.0,1,0,0,0,0,0,0,0,En riesgo
1.5520863859171923,1.5332405935359845,1.273853216071606,0.8962406481608274,-0.5787805274023098,1.6705943816656372,-0.0638035708325125,-0.9636891325136833,0.3398209653734739,-0.5768110822495238,3.276079369118397,-0.3811354854096018,-0.2613209878660049,0.9172268751887103,-0.46410777052252056,-0.9556211825733729,0.1547637056408304,-0.6243712176445724,1.8443339211502008,-0.6069695967790493,-0.4663701680764128,-0.32813782236757405,1.0,1,0,0,0,0,0,0,0,En observacion
0.02827133825815578,0.43346588929050406,-0.35994649993205735,0.09473644411702677,-0.23298433848633307,-0.05566978933055902,-1.4120656169384385,-0.8686581195786589,1.9518793136440467,-0.7378750599727132,-0.37583685475260237,0.29420587399561243,-0.5998121884637965,-0.1531142402514953,-1.4243946576307025,-0.8455760306711385,2.383045337042122,-0.7534672328467352,-0.43667957161059034,0.15985692797165355,-0.605192181829543,0.854560930639237,1.0,0,0,0,0,0,0,0,1,En observacion
-1.1557988880778625,0.3156328852642025,0.1846534054024971,0.5543244582111706,1.8683925018492187,1.2334492465244646,0.9013473080657156,-1.0748326701331925,-0.965370836925427,0.5566114708261111,0.13723668928496882,1.221821082134734,1.2739075579903483,0.8069330359641189,0.42822295509065317,-1.035483686209341,-1.039926408222551,0.39149530179759134,-0.16928961529411365,0.6899134900109355,0.7049022974990241,0.6643779612597286,0.0,1,0,0,0,0,0,0,0,En riesgo
-0.2233364575057559,-0.9693079681654658,0.3661867071806819,0.6084364962284908,0.267090150099849,0.4657719449228538,-0.3302805569025297,0.3845486837236527,0.603675405706882,-0.7378750599727132,-0.5196569128379032,2.135588155522175,-0.1280504893883181,0.04789342199948946,-0.5830740906306252,0.10305947644184384,0.5194058999435796,-0.7534672328467352,-0.6675709433200908,1.3539966196596485,-0.32615167171826887,0.4506805178479335,0.0,1,0,0,0,0,0,0,0,En observacion
1.5493621610534758,0.41102150757120864,-0.35994649993205735,0.39026394797463626,-0.743698709808391,-0.716646948932809,0.02192477429189281,-1.0748326701331925,1.3629059577876736,-0.7378750599727132,1.2558287833155688,0.9693374131773166,0.24169581620959757,-0.9848919103694024,-0.21643164193846812,-1.035483686209341,1.4347629494229779,-0.7534672328467352,0.763122606042193,0.5824163715730903,0.003042054048050398,1.472820714611952,2.0,0,0,0,0,0,0,0,1,Saludable
-0.839264692972135,-1.4518621751303193,0.7292533107370516,0.986528575148883,1.4534370751500467,-0.7960037266561899,0.5257505009867361,-0.05485818478559933,1.2258204592695174,0.6551941695457117,0.8339215104073829,0.6257218271419172,0.773429239600035,-1.2144378759422723,-0.06893628839524085,-0.3202941721310753,0.917269738199009,0.3361155737241893,0.16301051666371227,0.06670864103374285,0.18684956491857382,0.4876125415500027,1.0,0,0,0,0,0,0,0,1,En observacion
-0.08826558751868328,-0.4586982840514927,0.5477200089588667,0.6690575226608211,0.17665114684490113,0.8241995733439096,-0.1264636383574665,1.826596155339754,-0.965370836925427,1.0849175203588863,-1.3260872699155752,0.4588448093767098,1.8400691934875215,0.3387403438230059,-0.4409860880852072,1.1879299153501068,-1.039926408222551,0.8046541961846544,-1.2577437541330772,0.05783543738657306,1.0462003639059752,0.2685656899622718,1.0,1,0,0,0,0,0,0,0,En observacion
-1.0955894869673024,1.8194064604570022,1.6369198196279757,1.0712425736248319,2.2301485148690094,0.932556008397182,1.1941649543718837,-0.34577615962821184,-0.965370836925427,1.258386614253777,2.715241318342245,1.7729488692218394,-0.7774268587563802,0.18024405867766882,0.365404444374009,-0.5356181028064568,-1.039926408222551,0.7732732587393215,1.3415049116281914,0.8050602713087224,-0.8150556525619459,-0.48351964171615053,1.0,1,0,0,0,0,0,0,0,En riesgo
0.276325546831976,-0.6999753875339196,-1.2676130088229813,-1.3008586764176502,-1.0628951918846774,-1.7451177620933156,0.6437582748361174,-0.6775626373148536,-0.965370836925427,0.09468545109374496,-0.3657574155353271,-0.2530052689193001,0.04837426573928634,-2.007470847845096,2.4859086588784605,-0.3168235390269605,-1.039926408222551,0.9265327435429154,0.371889241631584,0.48588558350772887,0.84082713571421,-0.550674253075537,2.0,0,0,0,0,0,0,1,0,Saludable
0.2704336186383558,0.7364650425009935,1.6369198196279757,0.8407078048364993,-0.012206771716901486,0.5520735303635131,-0.0915582235660028,-0.6313389513395378,0.20121632553862603,0.8622330267950425,0.8587440099723141,2.323237375414903,-0.3649229348968734,-0.010072711962848237,-0.467977259377165,-0.7118796469902806,0.04441459648104948,0.5488940964799398,0.2377203354022225,1.3234575687055716,-0.5276601975938451,-0.7617646855955416,0.0,1,0,0,0,0,0,0,0,En riesgo
1.8083017501609635,0.4166326030010326,-0.17841319815387252,0.3461825525520883,-0.8234978303274627,-0.8854435515674188,-1.1010276673094113,-0.14444006400808632,0.7048910301503241,3.3898387381881943,0.47850844845495283,-0.28797530617101996,-0.8705575523354305,-1.1405468413807753,-1.1661502961532992,-0.24812547137811267,0.7606555999168656,3.143003347321923,0.17483220464405236,-0.42863869224203505,-0.84664210813214,0.9759403965693669,0.0,0,1,0,0,0,0,0,0,En observacion
-0.4481800398622853,0.15852221322913404,0.9107866125152364,1.4488367635060162,1.0863611207623172,-0.750993236471819,-0.07418631574154741,1.433131121062066,2.074294895268183,0.9731702085591131,0.6488058394095141,0.07116697640414316,-0.30669641949055065,-1.2683156509369369,-0.6134419789612657,0.5293748752483345,1.3761011473011555,0.43742109757278796,-0.10182037913140776,-0.40737414088044444,-0.5611512511254952,0.8933418954746399,0.0,0,0,0,0,0,0,0,1,En riesgo
-0.8350833245766627,-0.6045867652269137,0.3661867071806819,0.9124402573877363,1.381617866682882,0.5498360818520887,0.7033075588669248,0.5287158506527626,0.98928788888556,0.19833146253648898,-0.11489973053821514,-1.0715839009075592,-0.24973914692687263,-0.05111548657405981,0.09047623081346871,0.11165222769856957,0.7413279553198769,-0.0063992136484149545,-0.4449585508927492,-1.0904823123971756,-0.4610788942467961,0.9527799232763088,1.0,0,0,0,0,0,0,0,1,En observacion
-1.060289752950981,-1.8558610460776386,-0.35994649993205735,-0.6020774817069986,0.4107285670341777,-0.9510269449477451,0.157506454893921,0.15916123930336282,-0.10868850306642884,-0.7378750599727132,-0.6148850475324589,-0.7351721425460138,1.103829017075967,-0.8529306102921289,0.5678933896897213,0.47012079046118,0.2915697567725329,-0.7534672328467352,-0.44374711895703706,-0.628766342955487,1.4269804063236577,-0.6032121078279853,0.0,0,0,0,0,0,0,1,0,En observacion
0.6076615556792513,-1.109585353911063,-0.35994649993205735,-0.18160411627842674,-0.6585796479213815,-0.9407986088955187,-1.4602625612048923,1.4589205556153673,0.19142126510861554,0.2638507291739637,-0.7723950902262976,1.9959877668133088,-0.746727047499913,-1.029605291823974,-1.4611825327053987,1.5495965934006433,0.46351761320733315,0.3865575341209524,-0.7278244590901869,1.9946714656878242,-0.7014380034667489,0.2764412871446991,0.0,0,0,0,0,1,0,0,0,En observacion
-0.9917118555888764,-0.6382533378058568,-0.17841319815387252,-0.4593169074404776,0.4346683031898992,0.3110393043600551,-1.042407578348284,0.11223292396866717,-0.4154190065321284,0.5522570218842079,-0.11881115471208324,-1.0191987851044828,-0.12281486266240899,0.7955848594432113,-0.963338909515879,0.32254561839399143,-0.23846742076520427,0.8928908899822603,0.03786136707139281,-0.9794570250696145,-0.01151916753375593,-0.6038869321833342,1.0,1,0,0,0,0,0,0,0,En observacion
-0.7138754762533664,-0.7897529144111015,0.3661867071806819,0.48938029768230407,0.8017442575776285,0.8146686238406985,1.2457554806319524,0.18593715495979568,-0.965370836925427,0.734333747408442,0.1166264926765106,0.34470260778709594,-0.07426632393125161,0.4597446611386786,0.7518221324069785,-0.01572327222316236,-1.039926408222551,0.574806139080526,-0.16309662800889976,0.036529234624422216,-0.261858171307695,0.25404463980927444,0.0,1,0,0,0,0,0,0,0,En riesgo
-0.2785869630398675,0.4054104121413847,-1.4491463106011662,-1.4705781206120103,-0.9751161593136988,-0.39875491367327526,-1.0948868998923944,-1.0748326701331925,-0.965370836925427,0.1999517226078948,-1.3260872699155752,0.8496000056274278,-1.0538044877422499,1.2802254857250033,-0.6101303195848221,-1.035483686209341,-1.039926408222551,1.3902470562531144,-1.2577437541330772,2.9071569610140853,-0.9889579071615227,-0.6376360890608513,1.0,1,0,0,0,0,0,0,0,En observacion
-0.27180231845327474,-1.463084365989967,0.3661867071806819,0.790566735497739,0.42934836182196107,-0.42176866979078437,0.6786232898419429,-1.0748326701331925,0.45021945897005083,0.6723587996771676,0.9063580773195924,1.670906300521321,1.3187276958712368,-0.8405228539410948,0.12828739633506459,-1.035483686209341,0.29450379765797463,0.4106129856315709,0.2919594061702523,0.8888225541105922,0.6222754875165911,0.7514908910449766,0.0,0,0,0,0,0,0,0,1,En observacion
-1.0417097330559488,1.129241722588665,1.0923199142934212,0.9595575615859412,1.945531651684321,-0.5662729743013568,-0.645843282523043,2.4272222212751076,0.6248980366385716,0.40856020680140004,1.402958508009527,-0.20894302198213316,0.9144738504889202,-1.0153220436346726,-0.9016532075623285,1.4379605084217573,0.3908506026940597,0.14973378120348008,0.5503527707786462,-0.498296677685697,0.2868226017704899,-0.034539867236854184,0.0,0,0,0,0,1,0,0,0,En riesgo
-0.114188919678491,0.8374647602378236,0.0031201036243122936,0.43354386348041024,0.06493237811820082,0.21805443115799766,-0.4403295729811724,0.29045717660113474,0.9605602463743947,0.17367312957478093,-1.25274806665555,-1.1977557953117643,1.6578535178903506,-0.0820927097578849,-0.6223516269624865,0.08819329545520302,0.9792747839995701,0.08339114558508982,-1.201121854587338,-1.1783769399676514,1.059192385813766,0.7801507342621218,1.0,0,0,0,0,0,0,0,1,En observacion
0.6998762793430333,0.3605216487027938,0.5477200089588667,0.22838929205657504,-0.5202611723549907,0.16328052928741066,0.033963910412096586,-0.14124574424556444,0.27141425862036817,-0.7378750599727132,-0.4647465350124483,-0.016817637321184152,1.9336758531325635,-0.006831733238894809,-0.1332169550869801,-0.21416164224665543,0.34611175594046556,-0.7534672328467352,-0.546914442400816,-0.16667447285652362,1.4230240611879927,-0.42286093235040906,0.0,1,0,0,0,0,0,0,0,En observacion
-0.5718126210981074,0.7925759967992323,-1.4491463106011662,-1.0933482397839047,-0.5654806739824645,0.8822279457765683,-0.8799600402968073,-1.0748326701331925,-0.965370836925427,-0.7378750599727132,-1.3260872699155752,0.31637687761320293,-0.4345726358869978,2.946171878455615,-0.47729112690331504,-1.035483686209341,-1.039926408222551,-0.7534672328467352,-1.2577437541330772,1.1545294215594146,-0.08981233305434921,0.6776733242451151,2.0,1,0,0,0,0,0,0,0,En observacion
-0.8860545508851051,-0.7616974372619821,1.6369198196279757,1.7965333237645247,2.2833479285483906,1.272648182133707,0.5591207239239456,-0.16863233868012661,1.4632373059422952,1.1372721739161884,1.4147680002267824,0.09606564292736772,-1.0538044877422499,0.06466539928306732,-0.3129722341673063,-0.5133088334083215,0.7427454583142258,0.4517985343370308,0.2237828787758621,-0.4523829681174505,-0.9889579071615227,0.39187350465660953,1.0,0,0,0,0,0,0,0,1,En observacion
-0.5747960216888164,1.2358525357553192,-0.35994649993205735,-0.06212289050364804,0.19261097094871546,0.09014211495941747,-0.4877993211061376,0.25658799206027844,0.4070939845768099,-0.5488109628905412,-1.0100141087887793,-0.6643927871485328,1.126913371276566,0.12454628758529183,-0.4986889928336809,0.2624945036189054,0.6644893926143205,-0.547870182696094,-0.9686948375587534,-0.6720372988644181,0.9620627394849357,0.5264025796540482,1.0,1,0,0,0,0,0,0,0,En riesgo
-0.43408088031391606,-0.5204203337795554,-1.0860797070447965,-0.37734737049772354,-0.16914504207107575,1.3211746628360308,-0.49438448616517533,0.239535961563287,-0.3657861656032094,-0.7378750599727132,-0.6233848731410566,-1.1977557953117643,-1.0538044877422499,2.028155946572338,-0.3665772953283933,0.4162053413857049,-0.19634080890870417,-0.7534672328467352,-0.5296966702821637,-1.1783769399676514,-0.9889579071615227,1.6708954480889258,1.0,1,0,0,0,0,0,0,0,Saludable
-0.29687325044430873,-0.004199554235758379,-0.723013103488427,-0.4203722696663425,-0.3074635176374663,-0.9838041127514703,-0.24653180127439958,0.2622720022259422,0.5923838777111755,-0.7378750599727132,0.6544473165833621,-1.1977557953117643,-0.26727056369090163,-0.9869702786516301,-0.06054350956864896,0.4686070042871617,1.1922572210209943,-0.7534672328467352,0.8321426043865403,-1.1783769399676514,-0.1769946850681388,0.5262911878328573,0.0,0,0,0,0,0,0,0,1,En observacion
0.45208124649620535,-1.0871409721917673,0.0031201036243122936,-0.23043367302610296,-0.6186800876618456,0.5749710553895201,0.5930161440744527,-1.0748326701331925,-0.965370836925427,-0.7378750599727132,0.19229750650172636,0.6117338122412291,1.2125872631550791,0.8679138324744936,0.7172890595095746,-1.035483686209341,-1.039926408222551,-0.7534672328467352,0.22362707921919578,0.6542469931920138,1.1742366859486826,-0.44550588948614217,1.0,1,0,0,0,0,0,0,0,Saludable
-0.9311050516969284,-0.8346416778496926,0.1846534054024971,0.21806720221933934,0.9613424986157718,1.3551431993276577,0.3147828203836993,0.16296623784401382,-0.965370836925427,1.7577305150101723,-1.3260872699155752,-1.012414597877649,0.002126229660422526,1.253946721123281,0.1244094398457031,0.05725729710918036,-1.039926408222551,1.7040625811743513,-1.2577437541330772,-1.0190438288126509,-0.13347203309291453,0.0781540742129499,0.0,1,0,0,0,0,0,0,0,En riesgo
-0.38988277967086676,2.7620704926674144,-0.9045464052666118,-0.8425578876443853,-0.5149412309870526,-0.572840030971252,-0.8345506812393938,0.0815580591903326,-0.027720538261874254,-0.3122529924652847,-0.366960930665748,-0.5801149973718879,-0.8079680146575169,-0.08804575383520348,-0.5546038999902103,0.5534443798750804,0.6012783174577726,-0.10111900984135959,-0.0214915583939532,-0.3519536540585617,-0.6789618042690035,-0.1093994619137175,1.0,0,0,0,0,0,0,0,1,En observacion
-0.7189956367266099,0.38296603042208927,-0.5414798017102421,0.5218402343116347,0.8363238764692262,-0.09481060939404982,3.1523021644731073,-0.694614667811845,0.8177382888544035,-0.7378750599727132,-1.3260872699155752,-1.1977557953117643,-0.2969391151377201,-0.4326317403391808,2.28529828762646,-0.7310006746750644,0.7790645526872204,-0.7534672328467352,-1.2577437541330772,-1.1783769399676514,-0.43272163026079785,2.2368026369580374,0.0,0,0,0,0,0,0,1,0,En riesgo
0.7357289215769378,-0.8121972961303972,0.3661867071806819,0.23940356909466085,-0.5309010550908668,-0.8317738450661064,-0.010395054218721781,2.7987028195401455,-0.36626231437411266,-0.7378750599727132,0.2768444444137963,2.052639227161095,-1.0538044877422499,-1.053510632234862,-0.17806568386810276,2.359693495950607,-0.3709933957773081,-0.7534672328467352,0.060214180554513594,1.5959522015303633,-0.9889579071615227,-0.15882251129494812,1.0,0,0,0,0,1,0,0,0,Saludable
-1.1233558465190538,-0.12203255826205993,-0.9045464052666118,-0.8700267902465347,0.24049044326015845,-0.8805327879514352,-1.5440113168330223,0.2813439702198225,-0.015816818989292034,1.1968167315403542,-0.5685497150112533,-1.1977557953117643,-0.5845019466743955,-0.5711464191898595,-1.5482798817759325,0.855205344893741,0.6464159480217231,2.2551805308244868,-0.2670495179034721,-1.1783769399676514,-0.3885214782117013,-0.18123252976311105,1.0,0,0,0,0,0,0,0,1,En observacion
-0.051134345031617755,-1.0366411133233524,-0.9045464052666118,-0.6795781609319849,-0.6133601462939076,-0.9301634640230335,-0.028211359685198174,0.4480123013584612,-0.5265884076625487,0.617472489758294,-0.28579887905798673,-0.3270718078184429,-1.0538044877422499,-0.7782153173944382,0.4075300286762764,0.8921459362271115,-0.33240537714928226,1.160234652415872,-0.022498274165048845,-0.1051405471669904,-0.9889579071615227,0.31680372270463614,1.0,0,0,0,0,0,0,1,0,Saludable
-0.9919479934734694,0.9104090008255339,1.0923199142934212,0.6042105112127755,1.4614169872019536,-0.6016943994367655,0.6488082480409009,-1.0748326701331925,1.4435111425763023,-0.7378750599727132,0.7365872242345904,0.8534467097251166,0.4915780008552604,-0.9431420037933664,0.19773324132689035,-1.035483686209341,1.3570596192030577,-0.7534672328467352,0.253693330652202,0.3819055176774383,0.11887438809403182,-0.5193695827042665,0.0,0,0,0,0,0,0,0,1,En riesgo
-0.9729244951122505,0.37174383956244134,0.9107866125152364,0.7654658417406023,1.5678158145607157,-0.43109621488386585,1.7379864688486126,3.0269557566885794,-0.965370836925427,-0.7378750599727132,0.8439257299290067,0.7244772123407737,0.4747605331902189,-0.8404713952021887,0.9450645996594614,2.021551255103089,-1.039926408222551,-0.7534672328467352,0.2593803420264315,0.21670627364997153,0.05653561656296648,-0.08141915110283657,0.0,0,0,0,0,1,0,0,0,En riesgo
0.9207055176614855,1.291963490053558,-0.723013103488427,-1.0305292153979986,-1.1001347814602442,-1.1967394723841818,0.662544175157912,-0.396885275828561,-0.3076733418020128,-0.7378750599727132,-0.85017225552975,-0.36120256417612145,-0.5567372594915441,-1.011351971956225,1.8803579007599336,-0.0020421931418019915,0.23721302408864503,-0.7534672328467352,-0.5772080292940032,0.06341951333124628,-0.29358892857711316,-0.9465725110419829,0.0,0,0,0,0,0,0,1,0,En riesgo
-0.4111985433508153,0.7701316150799369,1.273853216071606,1.2494261314857251,0.8975032022005145,-0.5022005851105641,2.7448299265255334,0.3706909729891831,0.5557884436046084,0.019950955300149276,-0.12670922275547064,0.9311501324984383,0.6188989235080505,-1.0372394455433298,1.3155613871906855,-0.08855490245209428,0.22944595170811594,-0.19971264128006938,-0.5207227966165786,0.17967232602148367,0.016633013889773427,0.13366433177295942,0.0,0,0,0,0,0,0,1,0,En riesgo
0.596741618381985,-1.14886302191983,0.5477200089588667,-0.03720415127305082,-0.5920803808221551,-0.9821187619246831,0.6273559618669806,1.230761569048184,-0.3434298471217502,0.8214227262465074,0.39885079076021773,-0.7118820977363685,-0.570698930760635,-1.1292426495609995,0.5896454501153421,1.1915422175527288,-0.27465797691526483,0.926601944409124,0.30521500466096896,-0.7213595612056685,-0.5607105358658948,-0.8395879951976485,2.0,0,0,0,0,0,0,1,0,En observacion
-0.051053712583220286,0.14168892693966256,0.9107866125152364,0.17105919073705766,-0.13456542317947803,0.5443441627785922,0.6019040969148713,-0.9821504217294345,-0.965370836925427,2.1137320325743802,-0.8625835053122158,1.3772978677558807,-0.4785201693135684,0.4397780391549851,0.4138743856532557,-0.952345555228561,-1.039926408222551,2.099843657451429,-0.86772222087633,1.0709724294094927,-0.5153744599764777,-0.9292814624344337,2.0,1,0,0,0,0,0,0,0,Saludable
-0.04306534073126445,2.734015015518295,-1.2676130088229813,-0.3367511983496306,-0.4245022277321047,-0.5649944322948285,-0.7961304850974008,-1.0748326701331925,0.7069089939889142,1.1845128816231159,-0.28504668210147366,-1.1977557953117643,0.05107140677990622,-0.4804227545544157,-0.7204643755667868,-1.035483686209341,1.2732858240093023,1.5750585236396077,-0.19730989481651923,-1.1783769399676514,0.11209473101123454,2.4747745122820657,1.0,0,0,0,0,0,0,0,1,En observacion
-0.9853015759412725,0.6466875156238118,1.273853216071606,1.9838853261279041,2.7701225637147275,1.4780285208187516,-0.7006253918485347,1.1221546971224419,1.8311189158425745,2.6798610281490363,-0.17808427488531384,-1.1977557953117643,-0.6533583708878671,0.11807413501123387,-1.0725149049675693,0.18035742849621902,0.9315188638638275,1.356343520450856,-0.6617744246850665,-1.1783769399676514,-0.7855800651726585,1.0939949632051413,0.0,0,0,0,0,0,0,0,1,En riesgo
-0.9037648922295639,0.3773549349922653,-0.35994649993205735,-1.1672908339238202,-0.3447031072130331,-0.6275558172960877,-0.7976656769516549,-1.0748326701331925,-0.5453395997357401,-0.7378750599727132,0.7436578756258134,0.707831474608955,-1.0538044877422499,0.1981240870932517,-0.28828150184176915,-1.035483686209341,-0.1537565995211891,-0.7534672328467352,1.9578533489895729,1.894951047785426,-0.9889579071615227,-1.7856695118888832,1.0,1,0,0,0,0,0,0,0,En observacion
-0.4270197816185317,-0.5035870474900838,1.273853216071606,2.3585771872195602,1.6662347298675706,1.3274220840042943,-0.58665759656298,0.20735788748494205,3.919756836285349,-0.7378750599727132,-1.0649997063098853,1.6957350269700415,-0.7728258534517934,-0.12989938590403854,-1.04784541115009,-0.3779613539502454,2.151288702012405,-0.7534672328467352,-1.1321477731108132,0.26655362575028446,-0.8567244009940805,1.5839174451885745,1.0,0,0,0,0,0,0,0,1,En observacion
-0.1390525110879313,-1.463084365989967,1.0923199142934212,-0.17836176570602438,-0.2728838987458689,-0.09053911678133056,-0.15652107887233807,-0.2500874926244331,-0.2824147831931431,-0.4925069254091873,1.5458007100513609,-0.6221489821484553,0.6468222660462324,0.0015754993530810184,-0.1071327796809416,-0.1950928514217292,-0.15343096186550198,-0.47457565749591407,1.4873718717153341,-0.607221412977105,0.6013485126269003,-1.58709842399558,0.0,1,0,0,0,0,0,0,0,En observacion
-0.15900904206632152,1.4939629255272173,0.7292533107370516,0.47027835966586673,0.12345173316552004,0.014330385526864931,1.8523986617761885,-1.0748326701331925,-0.35102555370520744,1.104056842452368,0.010792380895120208,0.21314532764612573,0.45595987358354517,-0.3015870949883908,1.2686037383593758,-1.035483686209341,-0.4031797152668167,0.9182438588379586,-0.23737799014252062,-0.06049624366210634,0.13837294908157263,-0.28383305158210104,1.0,0,0,0,0,0,0,1,0,En riesgo
2.4088061501410136,2.649848584070937,-1.0860797070447965,-0.04605686126286822,-1.0495953384648322,-0.7894366699862947,-0.02021220212882099,-0.5375762712513971,1.6085533760717803,-0.7378750599727132,-1.3260872699155752,-1.1977557953117643,1.0870908770885908,-0.9038581993759343,-0.04303476076723219,-0.5148356267214269,2.1375376018646173,-0.7534672328467352,-1.2577437541330772,-1.1783769399676514,0.9150483957814161,2.616001753369521,2.0,0,0,0,0,0,0,0,1,En observacion
-0.05544242156028612,-0.3408652800251912,0.7292533107370516,0.020575264545263736,-0.21702451438251874,-0.345869767039605,0.15585006368275192,-0.9799425830700443,-0.1731273033953405,-0.7378750599727132,0.33995376906524377,2.0103954221610167,1.5504438423315485,-0.43051061174150496,0.09048025874185037,-0.9457395925228637,-0.0854483228221018,-0.7534672328467352,0.2203512507359641,1.776278190572516,1.2714025847968573,-0.9558356203831005,2.0,1,0,0,0,0,0,0,0,Saludable
0.887582859751898,0.9777421459834206,1.455386517849791,0.8965320954032903,-0.3314032537931878,-0.43371141444267364,1.0028315695890455,1.376431945277304,-0.06749029750779661,0.5882065422185254,1.7099300859625146,0.2994513795833704,-0.0813264872434624,-0.8846711691895238,0.3169956283380817,0.7257386151234803,-0.2181290018677919,0.30932884108003794,0.7885117152709601,-0.13083163446887588,-0.3477275893568309,-0.5184046287493482,1.0,0,0,0,0,0,0,1,0,En observacion
-1.2083136498270577,-1.002974540744409,-1.2676130088229813,-1.285751994349978,-0.08136600950009693,-1.0991634710677727,-0.12137326536704474,-1.0748326701331925,-0.965370836925427,1.6721098968618189,-0.16582346449415067,-1.1977557953117643,-1.0538044877422499,-0.6293970523922722,1.0479368430083835,-1.035483686209341,-1.039926408222551,4.059353795557067,0.6908353304048426,-1.1783769399676514,-0.9889579071615227,-0.5032682390677672,1.0,0,1,0,0,0,0,0,0,Saludable
-1.2009933754046813,-0.043477222244525694,-0.723013103488427,-0.03279601173079592,1.3443782771073152,0.7691641515174417,-0.7421159716990361,-1.0748326701331925,0.43196708941875794,1.2184877099954075,-0.8537075812253615,-0.44785831648588337,-1.0538044877422499,0.8818242259655741,-0.7600163152321763,-1.035483686209341,0.6766398907450005,1.3509992280976462,-0.8304173321000821,-0.4741611860745333,-0.9889579071615227,1.4618652312857272,0.0,1,0,0,0,0,0,0,0,En riesgo
-0.28291807741093516,0.9552977642641252,1.0923199142934212,1.3748091639203823,0.8070641989455666,0.11370796876156394,-0.9500132685935645,0.09410046178729335,0.4595383706291581,5.753089318588113,1.3591054254448147,-0.5499708252609053,-1.0538044877422499,-0.6005775370853808,-1.1637028502974458,-0.2930269716960684,0.11297160626075814,3.8453527350740035,0.3421404527931745,-0.7777139077121346,-0.9889579071615227,0.5320226411497272,1.0,0,1,0,0,0,0,0,0,En riesgo
-1.0893174343740941,0.9833532414132445,-1.4491463106011662,-1.1674365575450518,-0.12392554044360181,0.32908418131582945,-1.061961074597206,1.019137884781113,-0.965370836925427,-0.7378750599727132,-1.3260872699155752,-1.0355647625382876,-1.0538044877422499,2.0865043789200612,-0.7343962494586168,2.4328727735937323,-1.039926408222551,-0.7534672328467352,-1.2577437541330772,-0.9167714041479498,-0.9889579071615227,0.41934526827744456,0.0,1,0,0,0,0,0,0,0,En riesgo
-0.9476289441578235,-0.9580857773058179,1.6369198196279757,1.4432142604534983,2.137049540930093,0.9474045303366356,1.1327168804160777,-0.9383694508666353,0.9873606200509514,0.900258505345849,1.2087412538378501,-0.6297724502693302,0.776443691351316,-0.0028313696874725696,0.15645591503155887,-0.9502224617704603,0.5142513979269536,0.38820377811834383,0.22790506379933909,-0.8328049854515993,0.06047872266923809,-0.03456663186208322,0.0,1,0,0,0,0,0,0,0,En riesgo
0.08251969764789814,-1.5584729882969732,1.6369198196279757,0.5918604343134004,-0.0042268596649943195,0.5201680957460575,-0.02328258583732934,0.6889955422663576,-0.965370836925427,-0.7378750599727132,0.4123903359774532,3.434445279125554,1.5316431827248749,0.10891300190565982,-0.33293646783506686,0.3474033062037993,-1.039926408222551,-0.7534672328467352,0.02084573776066602,2.3582133083482226,0.8713140588234406,-1.0621122118901307,2.0,1,0,0,0,0,0,0,0,Saludable
-0.12487847855176433,-1.1713074036391253,1.455386517849791,0.726982662100367,0.2431504139441275,-0.8236086108880507,1.0156383016363768,-0.3939728078097911,-0.21353192766913398,1.2672474115192778,0.9618702127102575,0.022488684549749026,3.3902113427449496,-1.1800050996180038,0.4178252167682653,-0.522424949146523,-0.31822694831926823,0.9319443374419922,0.3595500700542258,-0.28296446206671344,2.0842733027249696,-0.731228669770725,2.0,0,0,0,0,0,0,1,0,Saludable
-1.058751976970828,-0.06592160396382113,0.3661867071806819,-0.5143518617255978,0.4985075996051565,0.04193526975872573,-0.0455428677240151,-0.19385806974592396,-0.965370836925427,-0.146480133909572,0.7205654290608615,-0.10564153194055256,-0.09076648088563187,0.48873708333660454,0.2421889155068111,-0.0028038739053439757,-1.039926408222551,0.01981068012080036,0.9927513667377987,0.06825231487703044,0.04703315708130106,-1.4037418248261169,1.0,1,0,0,0,0,0,0,0,En observacion
0.17362860487651388,1.8194064604570022,-0.5414798017102421,-0.5503577398048964,-0.6505997358694743,0.12335514935627721,-0.5056964261438904,-1.0748326701331925,-0.965370836925427,0.9976260090118954,0.11670171237216183,-0.6013767800209336,1.2496332886247696,0.6452150339109872,-0.2873122517055289,-1.035483686209341,-1.039926408222551,1.5529538484218788,0.35472921238156085,-0.4864706309318363,1.5295584117752512,-0.16651568802359892,2.0,1,0,0,0,0,0,0,0,En observacion
1.0782152461454728,0.8094092830887042,0.0031201036243122936,0.24273092511278127,-0.6559196772374124,1.3713283788193906,1.8256136038980166,-0.7547900151028811,-0.22056079047770627,-0.7378750599727132,-0.6916843567924442,-0.667610030575691,-1.0538044877422499,1.2439426685488417,1.4589731971136715,-0.7552763978238923,-0.20923576937020055,-0.7534672328467352,-0.736707005941154,-0.7263817695580791,-0.9889579071615227,0.42792324319720454,2.0,1,0,0,0,0,0,0,0,En observacion
-0.20654762985726885,0.02385592291336102,-1.4491463106011662,-1.236133101320631,-0.8607374199030293,-0.7661613939129047,-1.4668881260495685,-1.0748326701331925,0.037171737086945406,-0.7378750599727132,0.18643037024092435,-0.29350057205679186,-0.12567065905835942,0.012512583815392933,-1.4121525612057781,-1.035483686209341,1.1714797015786416,-0.7534672328467352,1.1990886127366518,0.3463827940582294,0.4859480775033204,0.17981702493879448,2.0,0,0,0,0,0,0,0,1,Saludable
0.35070898047870286,-0.4025873297532539,0.0031201036243122936,0.10656434470698835,-0.41386234499622854,0.6369222271603907,2.172728562102017,-1.0748326701331925,-0.965370836925427,0.3476991878692173,-0.5214621855335345,0.831065885884016,-1.0538044877422499,0.5962513885005978,1.9269505545531453,-1.035483686209341,-1.039926408222551,0.35729173899182737,-0.5653872493973958,0.6338617516391238,-0.9889579071615227,0.17656915057893113,1.0,0,0,0,0,0,0,1,0,En observacion
0.1945700036174743,-0.34647637545501514,-0.723013103488427,-0.9774493863644018,-0.8766972440068437,-1.2199566329118205,-1.3085209663475568,0.11622582367181955,0.0782565738906005,-0.32506317365483733,-1.0613891609186226,0.49668238968307066,0.10993254360755114,-1.0821136519834496,-1.1933310224761442,0.7257172405896496,0.9258925525613341,-0.0725666276704586,-0.8905812891549361,1.2615031329098,0.5902559696722135,-0.8184426030355756,1.0,0,0,0,0,0,0,0,1,En observacion
-0.009487685434290382,-0.13886584455153142,1.455386517849791,1.1946826244430677,0.40008868429830147,0.9130582427976255,-0.24814779269993045,-0.7757409947217743,0.9880861800828039,1.0983352990752162,1.8085431069613793,0.09193917853166475,-0.08053321046680956,0.09632949898955044,-0.6709642041536292,-0.8368357322430932,0.6128186144426903,0.6069054912622894,0.6952359590780273,-0.3442469932327266,-0.39572673967326727,-0.1441562506404208,2.0,1,0,0,0,0,0,0,0,En observacion
-0.9881237116351861,1.00579762313254,-0.5414798017102421,-0.6611076919408843,0.23517050189222036,-1.1700063213385905,1.1298080958501227,-0.2763466800839875,-0.965370836925427,-0.06536586408481584,-0.8199339378779242,-0.11718164423362017,1.6012135560373337,-1.1476634016787577,1.8711767694560237,-0.033696489198677564,-1.039926408222551,0.18768985108317549,-0.6620515725791902,0.14179253328696678,2.067975203472438,-0.4147603181056268,2.0,0,0,0,0,0,0,1,0,En observacion
-0.13992218963850483,0.3212439806940265,0.3661867071806819,-0.1452825036864599,-0.25160413327411646,0.23290295309745127,-0.3142014422184989,-0.7315842215339726,-0.965370836925427,0.2454709039889534,0.05532244072069461,3.1306955355571153,-0.34881941633081953,0.36379212675403866,-0.28714163678055665,-0.690167886719881,-1.039926408222551,0.3500266187454519,0.04590920365885846,3.062028084276028,-0.3380821895568457,-0.7941786255859165,0.0,1,0,0,0,0,0,0,0,En observacion
0.002659016970738534,1.4434630666588024,-0.35994649993205735,0.5512642621653078,0.03567270059454151,-0.31838111389924684,0.016147604945620425,0.2911148306698892,0.2965594484742607,1.073423800477351,-1.3260872699155752,0.41541202311007364,2.155000073818722,-0.6581183324047434,-0.28608538978643466,0.04862942203369029,0.23591936300012784,0.8500971938065442,-1.2577437541330772,0.0683951527289409,1.3482327233588245,1.80964222249781,1.0,0,0,0,0,0,0,0,1,En observacion
1.3853096853280886,-0.6999753875339196,0.1846534054024971,0.5062963813802678,-0.6585796479213815,-0.8308730541069614,-0.7933025001027221,0.9011829300209321,1.4028117595395686,-0.7378750599727132,-0.5883324949675472,0.9575175405862353,1.3940096619755968,-1.1308679868068825,-0.9325534733946029,0.5544894228986524,1.3874483030260678,-0.7534672328467352,-0.700887549859471,0.510386046474901,0.8185829959209543,0.5806468137960219,2.0,0,0,0,0,0,0,0,1,Saludable
-0.7554242250204968,-1.5304175111478537,0.9107866125152364,1.9207748544995347,2.041290596307207,-0.8780047617112543,-0.4303508259285201,-0.21701688802420707,3.6598703023761354,-0.14921432278006938,1.9977206415244186,1.242803104485766,0.06852349586626988,-1.4279134433961655,-0.9115585361878371,-0.5543411256668602,2.2648063873841395,-0.3851682455835159,0.49108499291696345,0.1546409303664405,-0.4112479977259135,1.5665149159306309,1.0,0,0,0,0,0,0,0,1,En observacion
-1.0014050277783804,0.0406892092028325,1.273853216071606,0.3369655335091918,1.224679596328708,0.7632944813965619,1.8868596789256311,-1.0748326701331925,-0.965370836925427,-0.7378750599727132,-0.37275284723089874,0.4558373861730618,2.637153698668353,0.5296513677714092,1.4201220145680937,-1.035483686209341,-1.039926408222551,-0.7534672328467352,-0.49867982180662196,0.18839818497256122,1.886128263797121,-1.0594092502640902,0.0,1,0,0,0,0,0,0,0,En riesgo
-0.6443991030376894,-1.3171958848145464,0.7292533107370516,0.068979794064348,0.3734889774586112,0.1573818013936552,1.6546417110768652,0.32944666782015114,-0.5400792895048085,-0.7378750599727132,-0.3477799082746645,0.2606346382339615,-0.6676373528676192,0.0998223317102392,1.4824230159327456,0.26982396382158824,-0.5363465441385001,-0.7534672328467352,-0.4047097917121542,0.1417026599232225,-0.6595416943480209,-0.883503522758322,1.0,0,0,0,0,0,0,1,0,En observacion
-0.30608262794342744,1.3424633489219728,0.1846534054024971,0.28443216805521365,0.14739146932124153,1.621370514414298,-0.7760113918495433,1.2539203873264668,-0.28041949310554837,-0.7378750599727132,1.3155532216627073,-1.1977557953117643,-1.0538044877422499,1.456523909133107,-0.8722947669454221,0.9753795743268638,-0.28649963152108665,-0.7534672328467352,0.8820131562305147,-1.1783769399676514,-0.9889579071615227,0.19385337153005558,2.0,1,0,0,0,0,0,0,0,En observacion
-0.33095197881346744,-0.31280980287607174,0.7292533107370516,0.8000752017830984,0.5011675702891256,0.7120656278168034,0.16094043667317368,0.5807174973749928,0.5435219443161,0.8888660517187764,-0.5996154493152434,0.333092555419525,-1.0538044877422499,0.1535026267331944,-0.2656546038087069,0.18635308871607778,0.3786458263206977,0.5857314116456643,-0.7547978876677698,-0.07818121555514022,-0.9889579071615227,0.2089906080500424,1.0,1,0,0,0,0,0,0,0,En observacion
1.7131381826700711,-0.9356413955865225,-0.35994649993205735,-0.038989265633137225,-0.9219167456343176,0.44534433059127687,-0.4063129534737505,0.14887365065641753,-0.46960927141112174,0.35812961207889255,-1.3260872699155752,2.3012761920208233,-1.0538044877422499,0.5154589609712673,-0.4273656190846395,0.1473007773497964,-0.4295138076868769,0.4282036248341775,-1.2577437541330772,2.1150137691660373,-0.9889579071615227,0.574799394597672,2.0,1,0,0,0,0,0,0,0,Saludable
0.1268790631877424,-1.227418357937364,-0.35994649993205735,-0.9544493414800201,-0.8394576544312771,-1.267117398288989,-1.0173193114669195,0.8558517745674975,-0.965370836925427,0.7092197163016513,-0.1353594877553709,1.016057382945614,-0.9667026976657617,-1.1760100197645402,-0.7645865918609346,1.7827944118909753,-1.039926408222551,1.6028037530957078,0.37274068419874207,1.9685050127175268,-0.8722742826291016,-1.3403934092553462,2.0,0,0,0,0,1,0,0,0,Saludable
-0.8051341294575778,-0.7560863418321584,-0.17841319815387252,-0.17373504073192234,0.40008868429830147,-1.1057014699647925,-0.09030583021121648,-1.0748326701331925,-0.10553685167806888,-0.015340334380159745,1.4715588704435199,1.3991191710009538,1.1304831167715044,-1.2324646499907437,-0.041069964237453745,-1.035483686209341,0.07415594176663559,0.06630819360443287,1.4116022113388988,1.3937857524710144,1.049963864767036,-0.04377477813353416,0.0,0,0,0,0,0,0,0,1,En observacion
-0.47656842115881776,-0.3633096617444868,1.0923199142934212,1.0416728221499267,0.8496237298890715,-0.7062152084704533,-0.6814758934559956,-0.16012981107694352,1.6040639733746922,-0.7378750599727132,-0.072851920669134,1.5030501217130654,4.257183531948901,-1.1520440979205329,-0.940759589230769,-0.4034400959259751,1.221731034068391,-0.7534672328467352,-0.4454160695527119,0.6389259055743299,2.378890998117483,0.0774968539712179,1.0,0,0,0,0,0,0,0,1,En riesgo
-1.648278845047614,-1.1600852127794776,0.7292533107370516,0.7111959364669478,4.927358788413629,2.1623971875858943,0.13403417943808715,-0.029303626685424758,-0.18718502901248532,-0.12779650996117312,0.023805388242796613,-0.2004103328927135,-0.41386811201635715,1.5172776376371684,-0.2534668803578147,-0.24403535532691545,-0.28952783477961125,-0.23832407780620837,-0.29918811881518875,-0.4431879110495406,-0.544394670230101,0.07617610164870023,0.0,1,0,0,0,0,0,0,0,En riesgo
1.1733269784909661,0.5569099887466296,1.455386517849791,1.0539986117790965,-0.39258257952447606,-0.824799979575952,2.3457204442050816,1.9448329618436873,0.5453358443957315,0.1347362547338087,-0.14739463905958033,-0.24580144124544578,-0.43814238138193584,-1.2521424198965623,1.182542825931718,1.0442889247899523,0.285511464787006,-0.08306793596021177,-0.49620994307744676,-0.5399075829260472,-0.599814475115976,-0.3207474635921934,0.0,0,0,0,0,0,0,1,0,En observacion
0.9193578038811265,-0.6494755286655045,-1.4491463106011662,-1.6065625464912636,-1.3262322895976135,-0.6772446089134372,-0.7357328055681898,-1.0748326701331925,-0.965370836925427,-0.7378750599727132,-0.0735288979299958,-0.9868864706838935,0.3442665034308173,0.9106634898178861,0.34111389803786574,-1.035483686209341,-1.039926408222551,-0.7534672328467352,1.4367314531349802,-0.7074810099488267,1.9533227824950565,-1.11178091297922,0.0,1,0,0,0,0,0,0,0,En observacion
-0.745863520424789,-0.3184208983058957,-1.2676130088229813,-0.7836369701264232,-0.1771249541229829,-0.8306405919239563,-0.10557694918248176,0.28378668533233936,-0.965370836925427,1.2054749962969291,-0.8777778838337801,-0.8375644116190497,0.2412198501436058,-0.5550517485851382,0.4059919394532248,0.7753387323837685,-1.039926408222551,2.1357807190679585,-0.6972283916789878,-0.7108804869817913,0.5950825811036525,1.0724101107660473,1.0,0,1,0,0,0,0,0,0,En observacion
-0.2795084767358393,-0.7448641509725107,-1.4491463106011662,-1.5283453927952224,-1.0123557488892654,-1.7451177620933156,0.4265286274591491,-0.3259995622749517,-0.965370836925427,-0.7378750599727132,-0.0421622848434005,-1.1977557953117643,0.42986106763166493,-2.007470847845096,2.7627172220299796,0.5716820753616275,-1.039926408222551,-0.7534672328467352,1.3271750628014962,-1.1783769399676514,1.9333228019211048,-0.8390566040974368,1.0,0,0,0,0,0,0,1,0,Saludable
0.3451798983028721,0.28196631268525957,-0.723013103488427,-0.6132739132716236,-0.7543385925442673,1.0362922575632274,-1.5440113168330223,0.412405031064468,-0.965370836925427,0.231648060254772,-0.7670544918350548,0.3327428550470079,-1.0538044877422499,2.0576654122883022,-1.5482798817759325,0.7886197458863428,-1.039926408222551,0.5729585534770667,-0.614555698779431,0.6495926249436595,-0.9889579071615227,0.0606440616187698,1.0,1,0,0,0,0,0,0,0,En observacion
1.0151203552744006,0.2763552172554356,0.7292533107370516,0.27073414765944653,-0.6240000290297837,0.8792059373975015,0.287028167650209,0.585133174693773,-0.28406996701580683,-0.36379751598688387,-0.8864281488336804,1.207063726414508,-1.0538044877422499,0.7051139847671806,0.07069261818519768,0.4043888909822566,-0.28711519496540555,-0.39152250233818464,-0.8999995395499919,0.8529242945223264,-0.9889579071615227,-0.5820169522771224,1.0,1,0,0,0,0,0,0,0,En observacion
1.6610553804658625,0.7645205196501129,0.3661867071806819,0.6348124716714034,-0.6958192374969481,0.6746101585800997,-0.5187859566906893,-0.09981353791403143,1.1060123590098518,-0.5032917815094826,0.8330188740595672,-0.6640430867760156,0.2860399880244946,0.2245046614070935,-0.7393366135390308,-0.28074778565202946,1.0025852645480324,-0.5509161197344027,0.3100447928822172,-0.7760710875224883,-0.03715605974401043,0.49424366830692557,2.0,0,0,0,0,0,0,0,1,En observacion
-1.133169967381154,0.34929945784314587,-1.2676130088229813,-0.9148853783156509,0.21123076573649885,0.1426495105457041,-0.8492158034260853,-0.48350771174165275,-0.965370836925427,0.8158530822510498,-1.3260872699155752,-0.3835833880172222,0.050992079102241,1.2053715778450518,-0.5367614183388748,-0.19093213291853325,-1.039926408222551,1.7218490511932354,-1.2577437541330772,-0.046020197739769,0.459122087080464,0.6605417832773199,2.0,1,0,0,0,0,0,0,0,En observacion
-1.0068937937300126,-0.6382533378058568,0.9107866125152364,1.2970413247231385,2.17428913050566,0.8128960996952845,1.4252113284371402,-0.8761741660787103,1.91070378183641,-0.0910368595911525,-0.1922255776677597,-1.1977557953117643,-0.04626365371540431,-0.034165275576824555,0.4110612180499565,-0.9068787639492574,1.3318448804019767,-0.2863759069849655,-0.5691832045533513,-1.1783769399676514,-0.39037629808657953,0.6768207119401753,0.0,0,0,0,0,0,0,0,1,En observacion
-0.47342375567131384,1.089964054579898,1.6369198196279757,0.7116938255061559,0.618206280383764,0.03106766270323524,0.2822609929448933,2.078336737800849,0.3640818789385463,-0.7378750599727132,-0.4606094517516264,1.6946859258524902,-1.0538044877422499,-0.4055048507818493,-0.1392949076563388,1.351070381208007,0.24187013630747312,-0.7534672328467352,-0.6432583970198478,0.9534675726781318,-0.9889579071615227,-0.9174787261652129,0.0,0,0,0,0,1,0,0,0,En riesgo
-0.5783496088789075,-1.2610849305163077,1.0923199142934212,2.05436698426357,1.7460338503866422,1.613001875826113,-0.008334665151170137,1.2860045108235614,1.7176141183596285,1.4719571449159627,-0.6005933053587104,0.04018352339911929,-0.8664325130968353,0.17458663180389541,-0.694697113556924,0.2518615792033108,0.8237455419754389,0.5906712463810799,-0.8866407833022099,-0.5210290153014033,-0.8951922244569993,1.4592002393165096,2.0,0,0,0,0,0,0,0,1,En observacion
-1.6200402097266766,0.08557797264142378,0.3661867071806819,0.10536212483182822,3.5255542379619387,1.0578240672640788,-0.9488012750244164,-0.8454993013003759,-0.010941962525282223,1.2418295816490983,-0.12279779858160257,0.04920579301006296,-0.7423640252283222,1.0576146409072755,-0.9915114637175868,-0.825030870971147,0.07578862826883023,1.2730187403075373,-0.22191197963724665,-0.06406316331093144,-0.7266732978854883,-0.38020835603084385,1.0,1,0,0,0,0,0,0,0,En riesgo
-0.630138678592525,0.8150203785185282,0.5477200089588667,0.3864144156471024,0.5969265149120115,0.20942427261393162,0.7764715706578286,0.12632551115626345,0.01615316991421443,-0.7378750599727132,-1.3260872699155752,2.626777298759832,-0.26679459762491,-0.06173971334250515,0.4277432268755707,-0.03203077141453289,0.004601261579709513,-0.7534672328467352,-1.2577437541330772,1.9329249568355282,-0.38558296845661666,-0.17491299815301775,1.0,1,0,0,0,0,0,0,0,En riesgo
-0.3295869866513092,0.2931885035449071,-0.5414798017102421,-0.7641828666920095,-0.5016413775672074,0.23110137117916138,-0.505332828073146,0.02377845172118794,-0.965370836925427,0.01848259461043775,-1.05146016109265,0.7409830699235855,-1.0538044877422499,1.1004911571912215,-0.15095441513441807,0.4144347570749636,-1.039926408222551,0.36001297304051383,-0.9177471251439651,1.3132661610448384,-0.9889579071615227,-0.6458020308398652,0.0,1,0,0,0,0,0,0,0,En observacion
0.45841665315601177,0.8991868099658863,-0.5414798017102421,-0.5671402435167314,-0.7756183580160197,-0.08007831854609904,-1.1984315504832759,-1.0748326701331925,0.1438517355202774,0.7749415154480515,-0.5171746628814099,-0.604943723820609,0.1962410569073866,0.3745843539937313,-1.125366489636214,-1.035483686209341,0.6564694505952434,1.272480623137429,-0.3467413886360376,-0.48531787031172857,0.3883225855614355,-0.2041334598189238,1.0,1,0,0,0,0,0,0,0,En observacion
0.6778924182335051,-0.17814351256029873,-0.35994649993205735,-0.21869077788185942,-0.7011391788648862,1.925227645374896,-0.8089776169303701,-1.0748326701331925,-0.2689239013508831,-0.7378750599727132,-0.13362943475539088,-1.1977557953117643,0.3154705564383172,2.5202307035459013,-0.7726510536277775,-1.035483686209341,-0.12150902206341965,-0.7534672328467352,-0.09975459905313869,-1.1783769399676514,0.3119028503854165,0.19885395232169326,2.0,1,0,0,0,0,0,0,0,Saludable
-0.7109957459534545,0.14168892693966256,1.273853216071606,0.41751426514493856,0.7405649318463402,0.504738418349091,0.2499007646486405,-1.0748326701331925,-0.6185304679488741,1.1754495518486892,1.9417571879598456,-0.6271147274381994,1.6597573821543177,0.21024342958704811,-0.03566689198232072,-1.035483686209341,-0.67444803424729,1.0119777445277056,1.277985127471618,-0.7187136977367597,1.0710070265003662,-0.9540890161692553,1.0,1,0,0,0,0,0,0,0,En riesgo
1.3682674414132094,1.0619085774307788,-1.4491463106011662,-1.77197100022419,-1.4379510583243138,-1.7451177620933156,-0.25707614532598766,-1.0748326701331925,-0.965370836925427,-0.7378750599727132,0.13746234837192275,0.838549473855884,-1.0538044877422499,-2.007470847845096,1.9694769366635678,-1.035483686209341,-1.039926408222551,-0.7534672328467352,2.4238118442027963,4.139057079811394,-0.9889579071615227,-1.6885202098708174,1.0,0,0,0,0,0,0,1,0,En observacion
1.5662949752169582,0.5793543704659251,1.455386517849791,0.16185431532926403,-0.8234978303274627,-0.9838331705243459,1.4087282158967265,1.7273843415390764,-0.19131165169364714,-0.21478422254477553,0.03666795619917011,-0.7276885545741458,-0.1474857704163141,-1.1911458331484848,1.1601465246732519,1.4861198917913438,-0.15262444420521698,-0.22840851778884555,-0.10740824405928072,-0.7664672884047319,-0.24050189989807555,-1.4405964105680178,2.0,0,0,0,0,0,0,1,0,Saludable
-0.031200851895626786,-0.5989756697970897,0.9107866125152364,0.6654387194002372,0.12611170384948908,0.5073826756807743,-0.006839873082554194,1.2096696635574147,0.2924554995440944,-0.7378750599727132,-0.0012427704090890144,1.3560360851068347,-0.47146000600135757,0.051614418837465176,-0.34627123818039796,0.717024417381133,0.18924185991845716,-0.7534672328467352,-0.30436612043821737,0.7293704407607811,-0.578981678774851,-0.22409795020470688,0.0,1,0,0,0,0,0,0,0,En observacion
-0.18212751691401502,-0.15008803541117932,-1.2676130088229813,-1.53373716678079,-1.0495953384648322,-1.7451177620933156,-1.1625565408364937,1.4923199872499706,-0.965370836925427,-0.7378750599727132,-1.1100563040050189,-0.43366048136168506,0.7038588662875758,-2.007470847845096,-0.7100586038293965,4.498660439394263,-1.039926408222551,-0.7534672328467352,-0.8208796101550161,0.42565584945135176,2.4883628330397216,-1.2814661587242517,1.0,0,0,0,0,1,0,0,0,En observacion
-1.4327943861657984,-0.4586982840514927,0.0031201036243122936,-0.3138725898162753,1.769973586542364,0.6384622891227997,-1.0729094165051765,1.5073051049594477,-0.965370836925427,-0.07296083316953085,0.9897015001012414,-1.1977557953117643,-0.42544995295548954,1.0478362874162355,-1.0317257686231944,1.7420767995702258,-1.039926408222551,0.044353744387168346,1.079019318287498,-1.1783769399676514,-0.36866166493720476,-0.5995283607587857,0.0,1,0,0,0,0,0,0,0,En riesgo
0.9230438586650143,-0.06592160396382113,-0.35994649993205735,0.17279573055673358,-0.6293199703977218,1.5883318266546922,0.7302138161020113,0.7002226367258093,-0.965370836925427,0.8710431909333121,-1.3260872699155752,-1.1977557953117643,-1.0538044877422499,1.5535980771382956,0.5299604952254325,0.5558357192203222,-1.039926408222551,0.855455394320653,-1.2577437541330772,-1.1783769399676514,-0.9889579071615227,1.0178652489896896,1.0,1,0,0,0,0,0,0,0,En observacion
-0.7912480699514021,0.5737432750361011,1.6369198196279757,1.812781507531844,2.041290596307207,0.48155031559432776,0.011057231955198662,1.1071695794129643,0.9632810964938422,2.249935144826936,-0.611274502141196,0.6753093399648558,1.6193795942226854,-0.4839847937202511,-0.6381395214101497,0.21736082837956566,0.3707196717540184,1.1601307292547411,-0.8727391648580783,-0.13109938173695349,0.4196208377949013,0.41148432791359557,1.0,0,0,0,0,0,0,0,1,En riesgo
-0.4905696698769899,0.1529111177993101,0.1846534054024971,0.5271227155812788,0.5118074530250017,-0.17204616969750888,-0.7320968248607457,1.0936876710034973,0.7436631443524491,-0.7378750599727132,0.5397372807151176,1.5080858070773129,-0.22181580438869067,-0.5087560614810666,-0.8865867409941112,0.6982923092279374,0.7006873462884833,-0.7534672328467352,0.1416241608704842,0.9283041192038125,-0.37849794265651254,0.6169550104838236,2.0,0,0,0,0,0,0,0,1,En observacion
-0.7277557762989423,-0.18936570341994666,-1.630679612379351,-1.6914222685884437,-0.9245767163182866,-0.08777862835814434,-1.5440113168330223,-1.0748326701331925,-0.965370836925427,0.08860947582597287,-0.48046745140357167,-1.1977557953117643,-0.8587377283633022,2.884996089767994,-1.5482798817759325,-1.035483686209341,-1.039926408222551,1.5303741585519737,0.70734546115346,-1.1783769399676514,-0.5454830039052382,-0.9468803042321147,0.0,1,0,0,0,0,0,0,0,En observacion
-0.545186634745121,-0.6045867652269137,1.6369198196279757,1.6796872668070169,1.4108775442065418,2.42885696485554,-0.04683566086443989,-0.4717638890853225,0.359479107486481,1.0768668531290886,1.6250070495721878,0.34631122950067517,0.17894762317635338,0.9341946833285232,-0.6456866571082582,-0.6788114494630052,-0.041786597580058565,0.4437502213518083,0.3795144368312625,-0.28910304847744844,-0.31986181145036957,0.2508455963018111,1.0,1,0,0,0,0,0,0,0,En observacion
-1.0336407287555953,0.8150203785185282,-1.4491463106011662,-1.1745162968098852,-0.20372466096267347,-0.4842138237005411,-0.49943445936995884,0.326205372767004,-0.965370836925427,-0.7378750599727132,-0.9107241105290529,-0.26167783815772666,-0.1299543536522851,0.4924430936858667,0.22329409769891093,1.295568342542643,-1.039926408222551,-0.7534672328467352,-0.6094652272599905,0.33825777634703363,0.42167447025419236,0.39465992872177424,0.0,1,0,0,0,0,0,0,0,En riesgo
3.506478708019072,1.3368522534921488,1.455386517849791,1.5853312220595797,-0.8314777423793699,-0.38550456924198206,1.5125152652014378,-0.3914361421160238,1.78259708871243,0.0510903285474808,-0.251649137232293,1.1083782812901548,1.7911240163680375,-1.0284036121600597,0.33450698376933646,-0.6225038031815793,1.0754614912083194,-0.22164095537226094,-0.6486710095778803,0.17870983242457866,0.5887905640550649,0.3461987540592395,2.0,0,0,0,0,0,0,0,1,En observacion
-1.0699310899950865,0.16974440408878197,0.7292533107370516,1.0013802408794,2.0732102445148355,-0.28897464774909615,1.0206882748411603,-1.0748326701331925,2.02960493205626,-0.7378750599727132,-0.4457911717083187,-0.249788025492142,1.9498586993762823,-0.7956078980157734,0.2775562009074552,-1.035483686209341,1.6246241764894362,-0.7534672328467352,-0.6810186858486991,-0.5336602158013212,0.9362158954287799,0.5098057566516346,0.0,0,0,0,0,0,0,0,1,En riesgo
1.2476125013074963,0.47835465272909533,-1.2676130088229813,-1.4812523758672222,-1.3235723189136446,-0.5824000382473387,-1.5440113168330223,-0.9843582603888245,-0.965370836925427,-0.7378750599727132,0.9523925310581929,-1.1977557953117643,1.4954697617095027,0.8556934485075417,-1.5482798817759325,-0.848520234548287,-1.039926408222551,-0.7534672328467352,3.159056560307587,-1.1783769399676514,3.845611510579968,-1.1167645570027236,1.0,1,0,0,0,0,0,0,0,En observacion
0.2721269000547043,1.6847401701412295,-1.2676130088229813,-1.3825246224828385,-1.1027947521442132,-1.7451177620933156,-0.6549332342916533,1.092748165190991,-0.965370836925427,-0.7378750599727132,-0.09037810975588884,-0.2670632238944916,0.10533153830296446,-2.007470847845096,0.18916075860194492,3.1200663910389856,-1.039926408222551,-0.7534672328467352,0.9645481653389572,0.559129410234467,1.050420910713329,-0.8069487259069293,0.0,0,0,0,0,1,0,0,0,En riesgo
-1.2637254202579644,0.848686951097471,-0.723013103488427,-0.5742564136868729,0.873563466044793,0.8371012245006949,-0.16811581735052106,-1.0748326701331925,-0.965370836925427,-0.7378750599727132,0.23336746032734032,-0.741886389698344,1.23749615394198,1.6988189040211619,0.1410232393620272,-1.035483686209341,-1.039926408222551,-0.7534672328467352,0.5042715484700786,-0.643673888602224,1.5438230931166033,0.15482877779918344,1.0,1,0,0,0,0,0,0,0,En riesgo
0.2528096692028946,-0.537253620069027,0.5477200089588667,-0.01464127725236394,-0.42184225704813566,0.992618424931136,-0.15486468766116895,-0.7435629206434293,-0.965370836925427,-0.7378750599727132,-0.3980266649697382,1.021582648831386,2.5488619934268857,1.1177163801604788,-0.191815578233627,-0.718143402750213,-1.039926408222551,-0.7534672328467352,-0.42377191267435704,0.8919259940522521,2.1782587113137257,-0.8041859156050299,0.0,1,0,0,0,0,0,0,0,En observacion
-0.7558965007896825,-1.4350288888408478,1.455386517849791,1.2268511138299354,1.4747168406217992,1.6802706200332262,-0.16245984736116337,0.26960014756349227,0.2680585434730497,0.7339286823905906,-0.8421237480950601,0.16607565750531086,1.9029760418760964,0.6815993479055349,-0.6205207800642921,-0.1497760160616825,-0.004813278755274875,0.3281084517928318,-0.9586581205863156,-0.30343559809734677,0.7986845996040641,-0.10377730173155239,1.0,1,0,0,0,0,0,0,0,En observacion
-0.6556934052739444,-0.4643093794813167,0.0031201036243122936,-0.3537037129529024,0.06493237811820082,-1.0790264344649523,1.1503715867400008,0.4551525455335099,-0.965370836925427,0.778131402463632,-0.7398249620092814,-1.0380826052204113,1.7237748180302064,-1.1394654896975314,1.455193425647166,0.6376661788898267,-1.039926408222551,1.0958200062031176,-0.6563329784718356,-1.0083387215610669,1.7986029584673975,-0.6730538600710063,0.0,0,0,0,0,0,0,1,0,En observacion
-0.6546854996689752,1.4490741620886263,0.5477200089588667,0.37730668932012973,0.6235262217517021,0.1754557361223052,0.3206407893012481,-0.730644715721466,1.3700708631022187,-0.5638996348055083,-1.3260872699155752,0.1970591105103347,-0.1449472847310249,-0.08998459732575617,0.04420375468956799,-0.7471097698045406,1.4526677128097674,-0.590873453241608,-1.2577437541330772,-0.0403728481129531,-0.2901364290421888,-0.1892033962662924,0.0,0,0,0,0,0,0,0,1,En riesgo
-0.7320696122882103,1.8979617964745368,0.5477200089588667,0.3770152420776663,0.7432249025303093,2.5782139174363445,-0.760619073521363,-0.8229511618002218,-0.4252594144641297,-0.7378750599727132,-1.0507831838317883,0.5678114454530688,1.415586790300556,2.3093137169844438,-0.8791708029006174,-0.8244279856063732,-0.4634170105181132,-0.7534672328467352,-1.041349820189387,0.26225154967217235,0.9099372811318729,-0.1896606890059183,1.0,1,0,0,0,0,0,0,0,En riesgo
1.0421091876451758,-0.7953640098409255,-0.723013103488427,-1.2599832006621967,-1.2118535501869445,-0.46657575556502584,0.7317490079562654,-1.0748326701331925,-0.965370836925427,-0.7378750599727132,-0.4879142012730511,-0.42044180728053493,-1.0538044877422499,0.6729452575799306,2.5329360641041117,-1.035483686209341,-1.039926408222551,-0.7534672328467352,0.1255407913842139,0.15333292690816253,-0.9889579071615227,-1.5004536850939298,2.0,0,0,0,0,0,0,1,0,Saludable
-1.0192823934802342,-0.537253620069027,-0.723013103488427,-1.0182034257688288,-0.06806615608025164,-0.6341519317388588,0.9672393584417314,-0.7115727477275858,-0.965370836925427,-0.06880891673655334,-0.2796308640145795,-1.1977557953117643,-0.47899613537956015,-0.0037966307028201186,2.3260117665128455,-0.485686040660105,-1.039926408222551,0.37609497963516625,0.2279802978874711,-1.1783769399676514,-0.19056119012047104,-0.9168191693292159,1.0,0,0,0,0,0,0,1,0,Saludable
-0.8586855941147414,-1.648250515174155,-1.630679612379351,-2.1045973093203347,-1.2091935795029753,-1.6719212322195707,-0.9194710306510336,-1.0748326701331925,-0.965370836925427,-0.37949378542862816,0.7785598144080201,-1.1977557953117643,-1.0538044877422499,-1.652775977649417,1.0405332848851798,-1.035483686209341,-1.039926408222551,0.8721729220140693,6.770754222633388,-1.1783769399676514,-0.9889579071615227,-2.56760198891897,1.0,0,0,1,0,0,0,0,0,Saludable
-0.43545163193667424,-1.5528618928671492,0.1846534054024971,0.2911597419020708,0.28304997420366335,0.4761165120665825,1.3196466885643452,-0.9036077358038977,0.34136278044116086,-0.7378750599727132,1.5570084447034058,-0.9606589427451036,-1.0538044877422499,0.2730406074384252,0.9667021027989755,-0.8879592777068445,0.39426185882522696,-0.7534672328467352,1.072425983290874,-0.9794518341046987,-0.9889579071615227,0.2055820834630245,0.0,1,0,0,0,0,0,0,0,En observacion
0.5211141412456957,-0.7168086738233913,-1.630679612379351,-1.9610959733125533,-1.4219912342204994,-1.3322068095304291,-1.2281657927130414,-1.0748326701331925,-0.965370836925427,-0.28212628176258187,0.6205984535402735,-1.1977557953117643,-0.4236254163691878,-0.37117620252571915,-0.4776097956329371,-1.035483686209341,-1.039926408222551,0.9371500831406756,4.815092279750727,-1.1783769399676514,0.9343036308842083,-2.004703207237082,1.0,0,0,1,0,0,0,0,0,Saludable
0.09644607337827277,0.6410764201939878,1.0923199142934212,2.5081867716839645,0.9932621468234005,2.5308497476490466,-0.2731552600100185,-0.516907143376256,3.997981277219461,-0.7378750599727132,-0.8301638164865021,-0.01548877590561881,-1.0538044877422499,0.5311276966455665,-0.902875619964984,-0.7575156595674069,2.110112555294163,-0.7534672328467352,-1.025969665099623,-0.6047875335288615,-0.9889579071615227,2.0783845499149867,0.0,0,0,0,0,0,0,0,1,En riesgo
0.4111890762374549,0.41102150757120864,-1.0860797070447965,-1.3959311956361422,-1.142694312403749,-1.075219866218243,0.7796227539376134,-1.0748326701331925,-0.965370836925427,-0.7378750599727132,-1.2607213543945885,-0.6831367271154547,0.7386837167826381,-0.4619107732551486,3.0375807093937555,-1.035483686209341,-1.039926408222551,-0.7534672328467352,-1.1390250274019884,-0.20811483910402634,2.195993769361169,-1.2349227651116834,0.0,0,0,0,0,0,0,1,0,En observacion
0.3745185905983754,-0.12764365369188388,0.1846534054024971,-0.3442073903026457,-0.639959853133598,0.4564734576026479,0.45989885039635864,-0.17309499128953204,-0.965370836925427,-0.5692667462920402,1.2000909888379494,-0.04220588436593275,-1.0538044877422499,0.8501635921950361,0.6766896655308036,-0.05326275340167106,-1.039926408222551,-0.5486041682696647,1.3234736517844405,0.04732426291549698,-0.9889579071615227,-0.9021037234771875,1.0,1,0,0,0,0,0,0,0,En observacion
0.3164747466733492,-0.537253620069027,-0.723013103488427,0.04883350342908426,-0.4245022277321047,-0.4602411610781357,-0.7386415901341451,-0.7617893334060538,1.3828815324146169,-0.10637869714227681,0.5627545075844178,0.08907163547702375,-1.0538044877422499,-0.574035149809732,-0.7797019116009576,-0.7424076957139383,1.760620001917352,-0.09398614961965744,0.40109044617327466,-0.005201337573765834,-0.9889579071615227,1.6589115002445622,1.0,0,0,0,0,0,0,0,1,Saludable
2.58173971411133,-0.45308718862166875,1.6369198196279757,0.5383555780512117,-0.9245767163182866,0.8407334461101502,0.49658185575590635,-0.8828916326381313,-0.1405677969659538,-0.7378750599727132,3.4089173516386064,0.3618379260404388,-0.620199401623776,0.4477318593599967,0.10907719719013505,-0.882547363926242,-0.2027532702343044,-0.7534672328467352,2.2813725509574008,0.03172293997593912,-0.6718935272321098,-1.1266901545435541,0.0,1,0,0,0,0,0,0,0,En observacion
-1.1449077480835954,-0.1669213217006508,-0.9045464052666118,-1.564424132685137,-0.4803616120954549,-1.0501430082265633,-1.4410726630267148,0.3989700979456262,-0.965370836925427,-0.7378750599727132,-0.3972744680132251,-0.2119504451857811,-0.0038233461644742073,-0.17591814609374237,-1.316217518107406,2.2239994686114994,-1.039926408222551,-0.7534672328467352,0.6692006698202553,0.9447085354297382,1.1421289685056553,-1.9971292962370464,2.0,0,0,0,0,1,0,0,0,Saludable
-1.7237680951295071,0.1529111177993101,0.5477200089588667,0.7050634007401198,5.791849260703572,0.7807872606676989,-0.4814565547609295,0.22478572030693628,0.322022070842089,2.107757323561071,0.18184196880619447,-1.0701850994174902,-0.3668267991608404,0.27505112140606264,-0.7269358466117711,-0.04994703532085058,0.20370096128962295,1.6536178293339172,-0.18506539953020412,-1.0841717582873762,-0.5108677016991042,0.32506039717008484,0.0,1,0,0,0,0,0,0,0,En riesgo
-0.13132907442356737,0.09118906807124734,0.0031201036243122936,0.1991109878241334,-0.057426273344375424,0.0868004710787186,0.8712090679795678,0.275706935344784,0.4072980483357685,-0.7378750599727132,-0.4113405511000197,-0.12795241570714982,-0.8025737325762771,-0.06793359490644889,0.6391021564594773,0.16445304234370964,0.5136729712374098,-0.7534672328467352,-0.49534266896768053,-0.25277997277330555,-0.7841087844552537,0.3474038549260158,1.0,1,0,0,0,0,0,0,0,En observacion
0.799215455768798,0.34929945784314587,-0.35994649993205735,-1.0802088266028587,-1.0948148400923061,-0.255616324487858,-0.9776871217557782,-0.5291207189388394,-0.965370836925427,-0.48293726436244644,0.6509872105834017,-0.4619162714610748,0.42621199445906155,0.7787443590417483,-0.6420994418792587,-0.17884796896175476,-1.039926408222551,-0.30706881035700956,1.6535589717176287,-0.0535576392181284,1.1431518013238848,-1.6034891654528078,0.0,1,0,0,0,0,0,0,0,En observacion
-0.39648312151826487,0.2539108355361402,-0.723013103488427,-0.5216501864222785,-0.2968236349015901,-0.41560842194114805,-1.5440113168330223,0.6278806891628151,0.692420467102857,-0.7378750599727132,0.8005239655382022,-1.1977557953117643,-1.0538044877422499,-0.14428723596507378,-1.5482798817759325,0.9669806408211519,1.4436374394438294,-0.7534672328467352,1.0883370820516773,-1.1783769399676514,-0.9889579071615227,0.2818154539565287,2.0,0,0,0,0,0,0,0,1,Saludable
0.5523419366179416,1.2190192494658472,1.273853216071606,2.0953153218296388,0.37082900677464214,2.3723977121581656,0.35679859744749814,-0.633875617033305,2.3706181470269962,1.2899816856461914,-0.3052807802316755,-1.1977557953117643,-1.0538044877422499,0.6454137416882257,-0.5006746921631002,-0.7970660421191407,1.2577503650318924,0.4695570562978292,-0.7399972866648848,-1.1783769399676514,-0.9889579071615227,1.239693511080039,1.0,0,0,0,0,0,0,0,1,En riesgo
-1.041698214134749,2.3187939537113276,0.5477200089588667,-0.05455740583470938,0.9294228504081432,0.08633554671270807,-1.1195711689173762,1.3681173188366218,-0.965370836925427,1.2151965567253644,1.6129718982679788,0.10781557544394545,-1.0538044877422499,0.11414953956848406,-1.1276848660761625,1.3394166387771282,-1.039926408222551,1.3644290634726706,1.4224782179795408,0.05756583756509628,-0.9889579071615227,-0.8668159670694745,0.0,1,0,0,0,0,0,0,0,En riesgo
-0.3124641102880324,-0.9244192047268748,1.6369198196279757,1.5881728326735953,0.9799622934035549,1.20860485071579,1.5960620219013764,0.46811772574609845,-0.2371579762063352,0.6597005178693093,1.4489177420524764,0.4732524647244182,0.8820288303238166,0.11813237243227556,0.3847034926014631,-0.10368211709579231,-0.4797148751818956,0.18799410047135104,0.31430810475036686,-0.19568587957649894,0.08391855175980605,0.14039181150013158,2.0,1,0,0,0,0,0,0,0,En observacion
-0.5898973273815548,1.331241158062325,0.0031201036243122936,-0.38888382384522224,-0.03082656650468487,-0.6400797174054899,-0.24907698776961068,0.37200628112669193,-0.09757836507868535,-0.7378750599727132,-0.9533736779633445,0.8247712791787065,0.6353197527847655,-0.5459915405454046,-0.08327517392251904,0.5703280002648659,0.1869830879557313,-0.7534672328467352,-0.8696994830091928,1.0075502965687528,0.7315089034253764,-0.7379939123598795,1.0,0,0,0,0,0,0,0,1,En observacion
-0.4665872759393228,-1.367695743682961,-0.17841319815387252,0.13416682729526688,0.21123076573649885,0.41663525099014165,-0.30979786558392775,0.23028182931009863,0.09954722607527623,0.07220434260298858,0.34672354167386127,-0.37106411468110645,-0.44774103037943586,0.3328388984905236,-0.4053137034681824,0.15021643590775205,0.1925104298806383,0.0674692407657652,0.1678792680431785,-0.4470075960243865,-0.48365170186003453,0.5601136288032631,2.0,1,0,0,0,0,0,0,0,Saludable
2.828071843965802,1.527629498106161,-0.9045464052666118,-1.1842797794323998,-1.3874116153289018,-1.4481473233042446,-0.6446716887395331,-1.0748326701331925,-0.11374474953840177,-0.7378750599727132,0.5671172499321936,0.07830086400349388,0.1652239349402581,-1.4150117672011493,-0.01350491929121586,-1.035483686209341,0.7763222454725027,-0.7534672328467352,1.7155189100782333,0.9019951323835818,0.8840009419957108,-1.003025690597158,2.0,0,0,0,0,0,0,0,1,En riesgo
-0.3680429050763341,-0.9861412544549373,-0.17841319815387252,-0.07919684145794607,-0.03082656650468487,0.03603654186497029,-1.392875718760261,-0.009996782238417795,0.7888746038372663,-0.7378750599727132,0.26826939910954734,0.06529201014585419,0.17521922232608478,0.07492644821845108,-1.3971311000155333,0.00924545258001751,1.1525433531890241,-0.7534672328467352,0.20962117288985624,0.02834650957706839,0.11764440185982898,0.1416431373862042,0.0,0,0,0,0,0,0,0,1,Saludable
0.08258305171449602,-1.4406399842706716,0.1846534054024971,-0.3362533093104229,-0.4963214361992692,-0.4851727302054373,0.5048234120261129,-1.0748326701331925,-0.965370836925427,2.2933783679915054,0.4707608198028681,-0.5334649676780936,-0.15518055514984722,-0.37747208391897435,0.7190694611653364,-1.035483686209341,-1.039926408222551,2.9174333018270624,0.5721995901619786,-0.4760814982964653,-0.09362835050498228,-0.8882367445672694,0.0,0,1,0,0,0,0,0,0,En riesgo
0.6203035716958649,-0.7336419601128628,-1.2676130088229813,-0.49070820418077693,-0.7968981234877721,0.7798574119356785,-1.1588801603434113,0.07084769292775941,-0.24899367422593127,-0.7378750599727132,-1.3260872699155752,-0.7169877231751196,1.0602781220377229,1.482556303490153,-1.0929185142238214,0.29342195285698586,0.0185827870032574,-0.7534672328467352,-1.2577437541330772,-0.6353351793276999,1.261458633500317,1.9916447328684752,1.0,1,0,0,0,0,0,0,0,Saludable
0.15971374806733918,0.13046673608001466,-0.723013103488427,-0.42725771076953395,-0.5814404980862788,-0.2647985807165612,-0.6586096147847357,-0.6459952420146379,0.27504205877963134,-0.7378750599727132,0.05539766041634585,1.3270109541879074,-1.0538044877422499,-0.017295923596304653,-0.5300353850659238,-0.5516595300859587,0.7427945296093978,-0.7534672328467352,0.20434130891055402,1.5954736359410866,-0.9889579071615227,0.5096703555657257,1.0,0,0,0,0,0,0,0,1,En observacion
-0.6165290731951412,0.9160200962553579,-1.2676130088229813,-1.1281761852582481,-0.5575007619305573,-1.1400186997309267,0.9981451944550064,-1.0748326701331925,-0.4824199407235198,0.4666870368630856,-0.9798510108326048,-1.1977557953117643,-1.0538044877422499,-0.8420866777645464,2.639855918931322,-1.035483686209341,-0.045604931062642434,1.4181662116732887,-0.732808444461736,-1.1783769399676514,-0.9889579071615227,-0.00878235662016229,0.0,0,0,0,0,0,0,1,0,En riesgo
-0.6315382275182825,0.23146645381684433,0.5477200089588667,-0.12553695300958287,0.21123076573649885,-0.3406103101491136,-0.5658113071736336,-0.9696080191324736,1.0195346727134165,-0.25108817476971323,-0.3410853553616982,0.41191501938490166,-0.42291146727020024,-0.33641332612740316,-0.5527120619855173,-0.9304221304677203,1.4846492955019068,-0.21131541991666083,-0.3351828814447821,0.3866807063258976,-0.4108720574680985,-0.9781858030322617,1.0,0,0,0,0,0,0,0,1,En observacion
-0.9693593890009595,-0.6999753875339196,-1.630679612379351,-1.3253159575143476,-0.4245022277321047,-0.14487715205878268,-1.5440113168330223,-1.0748326701331925,0.09961524732826235,-0.7378750599727132,-0.847238687399349,-0.582213199606991,-1.0538044877422499,1.5013662759333264,-1.5482798817759325,-1.035483686209341,1.4564097312037716,-0.7534672328467352,-0.43119831654399443,-0.07541138366605302,-0.9889579071615227,0.4892094368312321,1.0,1,0,0,0,0,0,0,0,Saludable
0.3103869968193354,-1.0927520676215912,0.7292533107370516,1.243317883029102,0.15537138137314868,-0.5371280281070868,-0.14181555690000847,-0.11785204951415468,1.413060294989487,0.6377763737780987,2.24165811452161,2.352332446408334,-0.9094281143914225,-1.0630612285415342,-0.6105416045684091,-0.40762879291353865,0.9478564840721646,0.2532795652665012,0.9379998001338168,1.089723190844901,-0.902029334019794,0.8713392190145182,1.0,0,0,0,0,0,0,0,1,En observacion
1.1951322963219,0.8206314739483517,1.273853216071606,1.8979691077767953,-0.0946658629199422,-0.055727904876310255,0.23236725768163197,2.2330263698300308,2.08361380692729,1.0460312786451456,1.0059489543619238,-0.5399693946069135,-1.0538044877422499,-0.8727815423508078,-0.5276731201270278,0.8289762487159373,1.1492639439387322,0.36812197373201605,-0.024715647186678194,-0.8173348065736638,-0.9889579071615227,0.981656555814677,2.0,0,0,0,0,0,0,0,1,En observacion
-0.754047713937139,0.5120212253080383,-0.723013103488427,-0.758451070923568,-0.1478652765993233,-0.41043613836928367,-1.2959162332284173,-1.0748326701331925,-0.965370836925427,0.6408649945392162,-0.8549863160514337,0.949194671720326,2.724176161067176,0.0855121611578126,-1.2154808795737544,-1.035483686209341,-1.039926408222551,1.270414394051065,-0.6761863218402524,1.5729104874643272,3.5736906182172254,-0.2898004705744573,0.0,0,0,0,1,0,0,0,0,En observacion
-0.6527042452226357,0.2763552172554356,0.0031201036243122936,-0.7742499401920903,-0.25958404532602364,-0.8001299304045313,1.1546539640176576,-0.8657926268505144,-0.5755183623106105,-0.7378750599727132,-0.6528709938363694,-0.057312940458675715,0.2445516126055479,-0.513728905262038,2.1007230882016907,-0.7581913748887992,-0.3811608822208457,-0.7534672328467352,-0.4200320723188771,0.29477928430511924,0.5916074049776,-1.4493531182056179,1.0,0,0,0,0,0,0,1,0,En observacion
-1.0363937509223113,-0.3520874708848391,-0.723013103488427,-0.07437581832220212,0.8975032022005145,0.8560759501884897,-1.4083084368740793,0.29928853123869503,1.0580120281526013,-0.7378750599727132,-1.0607874033534122,-0.8253248985809477,-1.0538044877422499,1.0281750761061121,-1.4128098230563166,0.3102602788192209,1.4843545771891866,-0.7534672328467352,-1.0140154001977086,-0.8231956840599295,-0.9889579071615227,1.3614953376655161,0.0,1,0,0,0,0,0,0,0,En riesgo
0.7440513421436838,0.5120212253080383,-1.4491463106011662,-1.3333671875873911,-1.185253843347254,-0.4766006872071226,-0.20092044328879488,-1.0748326701331925,-0.5735910934760019,0.026634528094698583,-1.3260872699155752,-0.9344314148063136,-0.775998960558405,0.7898214419673865,0.9852309452068958,-1.035483686209341,-0.11636725338287583,0.824649631073874,-1.2577437541330772,-0.7038525723583164,-0.5171647069359993,-0.159214731188584,1.0,1,0,0,0,0,0,0,0,En observacion
0.13657799483784608,-0.4699204749111404,-1.0860797070447965,-1.482308872121151,-1.1160946055640586,-0.2450974107068752,-1.5440113168330223,-0.5621913235390653,-0.965370836925427,-0.3838482343705314,1.2880228130543283,-1.1977557953117643,-1.0538044877422499,1.6893746961738065,-1.5482798817759325,0.024762617714416405,-1.039926408222551,0.06327501115080003,3.8138987384408893,-1.1783769399676514,-0.9889579071615227,-1.4813411936685867,0.0,1,0,0,0,0,0,0,0,En observacion
-0.621631955286585,0.45029917557997595,1.273853216071606,0.2318380844257222,0.46658795139752784,-0.6015491105723872,0.604408883624444,-0.3039211756810508,-0.6032710335289736,-0.7378750599727132,4.036625711848771,2.0766286727157746,-0.8626247845689016,-0.8100159787248282,0.37610517351865996,-0.35805994104639804,-0.6345985900555774,-0.7534672328467352,3.16276313201757,1.6235222218816592,-0.8347850361560498,-1.196867001893666,0.0,0,0,1,0,0,0,0,0,En riesgo
-0.05835094916319735,1.6230181204131664,0.1846534054024971,0.6816626158973513,0.15803135205711774,0.29619078242060154,-0.4215436726593778,1.1734517144852923,0.7957900978908615,-0.7378750599727132,-0.7836028248783424,-0.21684625040102182,1.934627785264547,-0.15026859914125618,-0.6747048470706876,0.6810833691981583,0.6729688229265263,-0.7534672328467352,-0.8692102791098437,-0.4490782641883524,1.1049772535068618,0.8863766495794292,0.0,0,0,0,0,0,0,0,1,En riesgo
-0.1397551652811097,-1.0366411133233524,0.5477200089588667,0.09918101456458925,-0.11062568702375652,1.5962355408768671,0.8188913455780102,-0.7095997855213224,-0.965370836925427,-0.7378750599727132,0.07660961459001463,1.2229401233267891,-1.0538044877422499,1.6543113198891637,0.66681214524726,-0.6995922265588422,-1.039926408222551,-0.7534672328467352,-0.047634606174589804,0.9895081656985708,-0.9889579071615227,-0.6255940469173985,0.0,1,0,0,0,0,0,0,0,En observacion
-0.23931320120966756,-0.6382533378058568,1.273853216071606,1.4988199655884422,0.8283439644173191,0.2551902648930693,-0.5018988462938933,-0.25431526878071203,1.3211182347031614,3.665485482836117,-0.971802503397915,0.1769163690533441,0.9685753266566478,-0.5376962423897453,-0.8932753717102953,-0.529541795549567,0.7560647776654684,2.2752086664375986,-1.052817809447126,-0.3529494708149383,0.15546317026341525,0.45975533849776123,0.0,0,0,0,0,0,0,0,1,En riesgo
-0.5236289737199797,1.230241440325495,1.455386517849791,1.8588180282059152,1.4986565767775204,0.8901316599987433,1.8059793080778181,-0.417836255447454,2.0775372416605244,-0.7378750599727132,0.6387264001922386,-0.8681981642515563,1.0705907201342106,-0.22244893462420204,0.3927903643867394,-0.6620239324902961,1.1634660960089402,-0.7534672328467352,-0.2100513352995398,-0.9959541411320044,0.11926316186735292,0.6894884136955693,1.0,0,0,0,0,0,0,0,1,En riesgo
1.657081352651984,-1.1713074036391253,-1.630679612379351,-1.0599289559814664,-1.2357932863426657,0.0019517742818410614,-1.180655644802438,-1.0748326701331925,-0.21734111783636018,-0.7378750599727132,-1.3260872699155752,-0.19019908201521124,0.7347966605770389,1.2212975728548505,-0.9738533571723103,-1.035483686209341,0.437911382001358,-0.7534672328467352,-1.2577437541330772,0.3432988255978341,1.5567552984122455,1.5302173047229126,2.0,1,0,0,0,0,0,0,0,Saludable
0.3882606635895558,-1.7043614694723939,-0.35994649993205735,0.24331381959770754,-0.3686428433687546,0.04466670040903632,-0.5701744840225664,0.1491085271095442,0.7799411459450806,-0.06718865666514737,0.761184064712568,-0.03276397430796842,-1.0538044877422499,-0.1405379997483794,-0.6793394693270484,0.03590609146041664,0.906250177093985,-0.09858658190002753,0.45620359782527614,-0.18531404092001827,-0.9889579071615227,1.1653929678230865,0.0,0,0,0,0,0,0,0,1,En observacion
-0.25537633682257666,-1.6594727060338028,-0.5414798017102421,-0.47847956363242805,-0.37130281405272364,-0.7058083996501942,0.7237498503998887,0.018470243880526697,-0.06118699473107695,-0.7378750599727132,0.3496571098042624,-0.525421859110198,-1.0538044877422499,-0.578672929470677,1.1185733738976869,0.22583682052342965,0.2888867514230252,-0.7534672328467352,0.555784582285095,-0.4230466182224968,-0.9889579071615227,-0.005401656723650871,1.0,0,0,0,0,0,0,1,0,Saludable
0.18134052261967842,-0.43064280690237333,1.455386517849791,1.7755369786720772,0.5277672771288161,3.543861825639712,-0.10957652796067034,-0.3058471625966891,0.28746727432510744,-0.7378750599727132,1.566636565746773,-0.04633234876163572,1.2061617212641906,1.6410388578579622,-0.701831926619392,-0.5903189526074694,-0.11603744220214729,-0.7534672328467352,0.31312967651708373,-0.5292874145259389,0.21168766855874777,0.5849512934173425,0.0,1,0,0,0,0,0,0,0,En observacion
1.5759478311822634,-0.3857540434637822,0.0031201036243122936,0.7933476279362414,-0.6213400583458146,0.05344214781748044,0.4463245224219007,1.8841878616463976,1.148298904616263,-0.7378750599727132,-0.8197834984866216,0.031091313713672044,-1.0538044877422499,-0.4227204143284197,-0.04811785014506082,1.1524942129856108,0.9509958870550869,-0.7534672328467352,-0.9065573145615656,-0.2935471420505415,-0.9889579071615227,1.4443236059455948,0.0,0,0,0,0,0,0,0,1,En observacion
1.2459710550365464,-0.6214200515163851,-1.4491463106011662,-1.7093705612701309,-1.4033714394327161,-1.3336596981742113,-0.5974847391140359,-0.4253523019475055,-0.965370836925427,-0.7378750599727132,-0.08022345084296231,-0.7983979698971234,-0.11028108959129322,-0.7718696409826452,0.88314801043197,0.6012489999819539,-1.039926408222551,-0.7534672328467352,1.6874503637548,-0.19834357468527278,1.1931422693296763,-1.4702476105406517,2.0,0,0,0,0,0,0,1,0,Saludable
-0.38434793803443584,-1.5023620339987345,-0.17841319815387252,-0.1438859856496573,-0.057426273344375424,-0.4558824951467892,0.2679998686145845,-0.755212792718509,-0.10583161044100912,1.9297312482153515,0.13197131058937736,-0.6036848024795471,-1.0538044877422499,-0.46275658531712144,0.3088945213115913,-0.7141111636755574,0.06101166209790733,2.238469519194318,0.1175059413612137,-0.5967021473419234,-0.9889579071615227,0.014768219470514144,0.0,0,1,0,0,0,0,0,0,En observacion
-0.38975031207707084,0.5176323207378623,0.9107866125152364,0.036131261111732996,0.06759234880216987,-0.8680670033877845,1.7426728439826515,-0.13584358582365266,-0.16598507183179123,-0.7378750599727132,2.6178318124738014,-1.1977557953117643,-0.2521189772568313,-1.0245512991973524,1.6025652062986329,-0.15237782066231906,-0.08222337345940091,-0.7534672328467352,2.221716220120521,-1.1783769399676514,-0.2970209258890706,-1.1217428120545483,2.0,0,0,0,0,0,0,1,0,Saludable
0.22855082115643596,-0.28475432572695236,0.5477200089588667,0.2817241374273271,-0.2622440160099927,-0.9648003292907997,1.6352094141848585,-0.21297701303042954,0.25994134061669827,-0.7378750599727132,0.6535446802355463,0.22587442120575194,0.9242311548417508,-1.203834901576546,1.2525360120948832,-0.2906118338794224,0.3090861847541893,-0.7534672328467352,0.3472121487985165,0.01977296942008589,0.579928217432732,-0.3391763609990723,0.0,0,0,0,0,0,0,1,0,En riesgo
-0.428125598053698,2.453460244027101,1.6369198196279757,1.239043323472976,0.9161229969882976,0.44717497028244235,2.176324143023823,1.4388621065183553,-0.965370836925427,0.664561298083527,1.8670640301780967,0.5946684340623895,-0.13717317231982645,-0.2916932611508499,0.9424141696380949,0.615466503839231,-1.039926408222551,0.2739818336343291,0.7095651080566365,-0.031995439317018044,-0.43646538969265575,-0.2809917226092491,0.0,0,0,0,0,0,0,1,0,En riesgo
0.2760894089473833,-0.2903654211567763,1.0923199142934212,1.5393432759259191,0.3282694758311373,1.0512570105941836,1.3826299543744052,0.628303466778443,0.5066317514465929,0.9901829393088748,1.2288249125767494,-0.13767408606312806,-1.0538044877422499,0.02781519970648485,0.27383354458049736,0.00476799283863407,0.10537517960058373,0.42387598956912403,0.20610653260883222,-0.547862063026971,-0.9889579071615227,0.75651029800394,1.0,1,0,0,0,0,0,0,0,En observacion
-1.0975246657288433,-0.3801429480339585,-0.35994649993205735,-0.05509172577922518,1.0544414725546885,-0.866875634699883,1.1548559629458488,-1.0748326701331925,0.20983235091687594,1.1232974308003127,-0.012074406582877336,0.11166227954163471,-1.0538044877422499,-0.9898822392439605,1.1266680631293162,-1.035483686209341,0.41570742490461193,1.2651746947459515,-0.05921573065696379,0.06145328569725078,-0.9889579071615227,0.5411121627786454,0.0,0,0,0,0,0,0,1,0,En riesgo
0.25829267569392683,-0.9580857773058179,0.1846534054024971,0.1274028225431022,-0.3553429899489093,0.32725354162466397,-0.8120076008532402,0.8602674518862776,-0.24740651165625369,-0.7378750599727132,0.8711552597547803,1.3195973062905428,-0.31328061673676977,0.24135088397100604,-0.8688000337621204,0.7266947463717989,-0.20706731062756353,-0.7534672328467352,0.6192207570026874,1.0539485258924146,-0.3700930999822314,-0.07990831439995157,2.0,1,0,0,0,0,0,0,0,Saludable
-0.3717923139268194,0.6522986110536353,0.9107866125152364,1.3896729732860016,0.9347427917760812,-0.11480235713249248,-0.17445858369572914,1.1511384514382648,2.453082579397247,-0.7378750599727132,-0.245556341884537,0.8473619232433177,-0.3385861459119972,-0.7779626286346251,-0.6647639225310787,0.3732805296766522,1.7160194374633038,-0.7534672328467352,-0.6162571208352148,0.08201040088821042,-0.5735567406402331,0.8089505989802469,1.0,0,0,0,0,0,0,0,1,En riesgo
-1.049582915695908,2.2121831405446737,-0.723013103488427,-1.1474238468959173,-0.1585051593351995,-0.024432683489242855,-1.4901988023628492,0.7101813983383773,-0.965370836925427,-0.7378750599727132,-1.0753048046141145,0.33169375392945627,-0.4106156772320803,1.3462999523878056,-1.4585595010445578,1.8841785434815264,-1.039926408222551,-0.7534672328467352,-0.8729573140490807,1.2577115480365293,-0.023485800233447644,-1.2287455823002018,0.0,1,0,0,0,0,0,0,0,En riesgo
-0.8286960827714577,0.2651330263957877,1.0923199142934212,0.9966927977297844,1.440137221730201,1.8899224513309902,-0.5830216158555358,0.09748268271231646,-0.3337254816957213,1.6168185219250935,0.6706947708440444,-0.35609693873737036,0.6626084739016251,1.021547220482995,-0.8632851786100573,-0.21570602710307754,-0.4772649590411567,1.0832476189563225,0.05208316382887385,-0.605244937687993,0.11254004476554333,0.016126842827370105,1.0,1,0,0,0,0,0,0,0,En riesgo
-0.7617020370743051,-0.6382533378058568,1.0923199142934212,1.1521677579487595,1.4268373683103561,0.8731909784122437,1.4041630401196021,-1.0748326701331925,0.7839317261202701,0.0731663720203858,0.6117225294534192,-0.27300813022728393,1.007763199423301,0.08736211376255792,0.46942452898918674,-1.035483686209341,0.45622203494769165,-0.14605116309186542,-0.03726479640348691,-0.5737636296326581,0.28131023426647744,0.22825434084969576,1.0,1,0,0,0,0,0,0,0,En observacion
0.09539785154910443,-0.9300303001566985,1.6369198196279757,1.3581116656542658,0.38944880156242523,-0.6907855310734868,2.508854778612409,0.07916231936844127,1.0283547618506248,-0.5836971875529987,0.18417377937138502,1.846106187152437,0.7261499437115222,-1.2062316785910607,1.0863692090065649,-0.2995348993365511,0.5797612883241668,-0.643788750941678,-0.35424550409126665,0.7119440742194928,0.05279048107850366,-0.13728161645472847,1.0,0,0,0,0,0,0,1,0,En observacion
2.7353445283086355,-0.8290305824198688,-0.17841319815387252,0.7368797247090108,-0.9006369801625652,0.9605095859035506,-0.4677206276439182,0.21515578572874544,0.4515118627767882,0.6888145660273834,1.0935798997956976,-0.010453090541371156,-1.0538044877422499,0.41513873903037307,-0.7239123652923651,-0.0661791236598235,0.31629488365796854,0.4423357935676564,0.4477953785952166,-0.30961092067960894,-0.9889579071615227,1.7422153607333426,2.0,1,0,0,0,0,0,0,0,Saludable
-0.3444636733806546,-0.0995881765427645,-1.0860797070447965,-0.9930296702010764,-0.639959853133598,-0.5164098360467534,0.0819992555359977,0.9788800607152129,-0.965370836925427,-0.7378750599727132,-1.163838386395704,-0.716428202579092,-0.31764363900836073,0.17678069833667803,0.9243162915181974,2.0282616913836766,-1.039926408222551,-0.7534672328467352,-1.0306912405619895,-0.4791459500666297,0.01889226167240656,-0.08552439274264953,1.0,0,0,0,0,1,0,0,0,En observacion
0.15908596686195828,1.5107962118166887,0.9107866125152364,-0.17048054652441763,-0.4511019345717953,0.7090726772106123,-1.2837558977512984,-0.24722199989628846,-0.965370836925427,0.004862283385182197,0.4590265472812641,-0.2485990442255834,3.05655913048474,0.9633821923860656,-1.278786238274721,-0.194750923001205,-1.039926408222551,0.08816597422209087,0.4433546052858571,-0.23943926123272247,2.8430148798258137,-1.4164541253869785,1.0,1,0,0,0,0,0,0,0,En observacion
0.16160285114408182,-1.2554738350864836,1.273853216071606,0.5480947734035212,-0.08402598018406597,2.145630852636648,-1.4563033822123421,2.3322381836307087,-0.5353858230487618,-0.7378750599727132,0.08834388711161868,-0.15362042304991233,-0.24585209072127348,1.6757868720526434,-1.4772544870222442,1.671209834293798,-0.6047819418529475,-0.7534672328467352,-0.20366913594095612,-0.37061820706365683,-0.3999054468203895,-0.7833505151558754,1.0,1,0,0,0,0,0,0,0,Saludable
0.22094257370406842,1.9989615142113664,0.5477200089588667,0.8891487652608911,0.046312583330417725,-0.5129519610745519,1.4615307357259433,1.4829249291249065,0.3875718849697753,-0.7378750599727132,-0.203057213841548,0.932548933988507,0.7911193117193945,-0.9503741728328449,0.6574087287915389,0.8059832331671354,0.20088613792779858,-0.7534672328467352,-0.49929273227102444,0.31515049499353043,0.2300127560220605,0.6138979238355908,2.0,0,0,0,0,0,0,1,0,En observacion
0.15416162804910916,-0.8290305824198688,-1.0860797070447965,-0.6969314154936435,-0.7170990029687005,-0.8344471601706656,0.19386626196836243,-1.0748326701331925,-0.965370836925427,3.329078985510474,-1.3260872699155752,-0.19936123177516188,-1.0538044877422499,-0.6222213038153647,0.7130385091063445,-1.035483686209341,-1.039926408222551,5.037493998006572,-1.2577437541330772,0.0626889043982193,-0.9889579071615227,0.7591853701566854,2.0,0,1,0,0,0,0,0,0,Saludable
0.35573123012174956,2.3636827171499184,1.455386517849791,-0.053986654984886,-0.49366146551530016,0.1697894704115547,-1.1686165086822338,-0.8053354278157264,-0.4655733437339415,-0.44921560162631186,5.415778831615501,0.11564886378833074,-0.6716037367508836,0.21035566783714818,-1.176364680542887,-0.7735489237611347,-0.42111955503155624,-0.4405133690620386,4.889077155789656,0.0647180084819753,-0.6480472072434463,-1.7115271157043848,1.0,0,0,1,0,0,0,0,0,En observacion
0.7744152184259557,-0.8402527732795165,-1.630679612379351,-1.1645463723906258,-1.1240745176159657,-1.1198816631281063,-1.5440113168330223,0.7596933546574653,-0.23155755971047276,1.1101834508473718,-1.249814498525149,-1.1977557953117643,-1.0538044877422499,-0.7756568750897608,-1.5482798817759325,1.997596836367766,0.5055694872419834,2.654783148388493,-1.1394501637868268,-1.1783769399676514,-0.9889579071615227,1.119844705570043,2.0,0,0,0,0,1,0,0,0,Saludable
-0.5483025029296259,-0.026643935955053818,0.0031201036243122936,-0.24082862467395436,0.033012729910572455,-0.846535193686933,0.5743110433239345,2.186708733273464,-0.20239911593039514,-0.7378750599727132,-1.0638714108751157,-0.22670780090600678,-0.8393024473353063,-0.8892031738616929,0.7067674796314708,2.370712505928895,-0.024899788456373913,-0.7534672328467352,-1.000859584962463,-0.1908376257287398,-0.7833743040737918,-0.4646942515017704,2.0,0,0,0,0,1,0,0,0,Saludable
1.3127520006915057,-0.42503171147254937,-1.0860797070447965,-0.6667787695338127,-1.046935367780863,-1.2636885810896632,-0.28123521713767213,0.035710175540019415,-0.965370836925427,1.9780352515941388,-0.10647512462526884,-0.06388730746199904,0.04932619787126986,-1.2857603383598226,0.0710405959222992,0.3616080349263745,-1.039926408222551,3.0577239597367942,0.18152853689774445,0.21067735448994732,0.28462390535382803,0.8452049059512571,2.0,0,1,0,0,0,0,0,0,Saludable
-1.0019867332989625,-0.3071987074462478,-0.5414798017102421,-0.48670080459690873,0.426688391137992,-0.5303285092541865,0.3520718225278207,2.235797911976925,-0.965370836925427,-0.7378750599727132,-1.0837294105270612,-0.40610409200732983,-0.06141524014947474,-0.33136079902827237,0.6895898421605252,2.7978029316321575,-1.039926408222551,-0.7534672328467352,-0.9945053181543956,-0.28576712833814505,0.06555743599431965,-0.023829465338292454,0.0,0,0,0,0,1,0,0,0,En riesgo
-1.3737253582540034,1.0675196728606027,-0.9045464052666118,-0.7656401029043252,0.9294228504081432,-1.563681028257801,-1.1610617487678776,2.2284227913487498,-0.06962163010136371,0.06992585187757398,-0.0692413752778713,-1.1977557953117643,-0.6504232468142513,-1.7219190823288182,-1.0327224517579319,3.327270800753469,0.4671222406691547,0.4366196349366704,0.2994127582267606,-1.1783769399676514,-0.5000302639006006,0.09174583064068731,2.0,0,0,0,0,1,0,0,0,En riesgo
-0.21903989989828718,-1.0198078270338806,-0.17841319815387252,-0.6694989437968015,-0.5122812603030835,-0.20049372934276322,0.4356993787990359,-1.0748326701331925,-0.4171648853587738,-0.7378750599727132,-0.04712678475638679,0.07249583781970849,-0.28353273761228615,0.3111045737010839,0.9937228042846667,-1.035483686209341,-0.160249087525549,-0.7534672328467352,0.2535405497279431,0.37979047880392564,-0.098503526944477,-1.0161172830909302,2.0,1,0,0,0,0,0,0,0,Saludable
-0.9290086080385925,2.1953498542552023,-0.35994649993205735,-0.4712662443814659,0.3229495344631992,-0.06674080079617882,-0.033826929888917404,-0.8047717243282225,-0.5549986176597782,-0.7378750599727132,0.5869752495841389,0.7817581333590908,0.12119707383602242,0.29258150896973695,0.22204928421888848,-0.7249069092475169,-0.438742461973029,-0.7534672328467352,0.8060580174690889,1.038454599908547,0.2511398462535011,-0.3295478083147507,0.0,1,0,0,0,0,0,0,0,En riesgo
0.6486689151499981,-1.4967509385689104,-1.2676130088229813,-1.581619519990461,-1.2730328759182326,-0.6287762437568647,-0.42421005851150334,-1.0748326701331925,-0.965370836925427,-0.7378750599727132,-0.08007301145165963,-0.2604888568911683,-1.0538044877422499,0.9779105899913959,1.0133686228068897,-1.035483686209341,-1.039926408222551,-0.7534672328467352,1.365365431745069,0.8699155184161219,-0.9889579071615227,-1.4317249314192968,2.0,1,0,0,0,0,0,0,0,Saludable
0.3198152338212472,-0.3913651388936062,0.7292533107370516,1.9816994718094305,0.5038275409730947,0.7025637360864682,1.1085982083900319,0.12289631494061506,2.529583815255709,-0.27437941329617255,0.4186335707165117,0.4703149815952738,-0.752200657258818,-0.3925701339649314,-0.051216864328747135,-0.37233874220618446,1.4250551574922883,-0.46721342380507624,-0.3515783546877704,-0.2790216106566548,-0.8357091226378167,1.974721272194901,1.0,0,0,0,0,0,0,0,1,En observacion
-0.39860836247959996,-1.4686954614197911,-0.35994649993205735,-0.11118317631827429,-0.022846654452777705,0.1759206604883154,-1.0690310370839027,-0.10451106697656352,0.4451405387470824,0.30374963343233313,-1.1632366288304934,0.11956550796052337,0.12690866662792327,0.2657069341997512,-1.0674972549039572,-0.07193861620893024,0.7443213250266184,0.40031357829320613,-1.1060466015322974,0.09546335769216534,0.08703898607420608,0.4237657647604847,2.0,1,0,0,0,0,0,0,0,Saludable
-0.8577755993399693,0.27074412182561164,1.6369198196279757,1.0457287962742055,1.5465360490889635,0.5577979116200149,1.0610476606937902,0.42433675488329936,0.09571536215705453,0.5261809613600197,-0.2619542355365222,2.362124056838816,-1.0538044877422499,-0.11328946361635246,0.2846123230346306,-0.0006912953004925249,-0.10693981365406804,0.21978306135639025,-0.5687265610827414,1.2144141679825857,-0.9889579071615227,-0.5143136175479358,0.0,1,0,0,0,0,0,0,0,En riesgo
0.8405050288089362,-0.3352541845953674,0.1846534054024971,0.015827103220135492,-0.6612396186053505,-0.4484437052906246,1.9242698804266676,-1.0748326701331925,-0.000988185838303977,-0.22020196715853893,-0.29926320457957095,0.018432160228549432,0.007441184063996842,-0.5436020306850933,1.8010773852589506,-1.035483686209341,0.12393679074205435,-0.20639884052089552,-0.3451909971171138,-0.056363774031840445,-0.0662663766767509,-0.2744270964218291,1.0,0,0,0,0,0,0,1,0,En observacion
-0.07571572287166678,-0.9861412544549373,-0.5414798017102421,-0.722991656423888,-0.6240000290297837,-0.14821879593948187,-0.4435211560465957,0.5125093753870269,-0.965370836925427,-0.7378750599727132,-0.7368913938788804,0.6643986883423191,0.2442343018948868,0.4528726312762419,-0.09790489438362429,1.0168491965041764,-1.039926408222551,-0.7534672328467352,-0.5431345504624303,1.1661753649577273,0.5512354177066432,-0.553472449125146,2.0,1,0,0,0,0,0,0,0,Saludable
0.6187945930187111,-0.2342544668585375,-1.630679612379351,-1.7266266667509687,-1.3315522309655516,-0.8252939617148379,-0.6322285547629466,-1.0748326701331925,-0.965370836925427,-0.7378750599727132,0.4851277816722679,-0.7880468388706143,-1.0538044877422499,0.8013816442751196,0.8334445019501647,-1.035483686209341,-1.039926408222551,-0.7534672328467352,3.096221046074196,-0.15596558306525263,-0.9889579071615227,-1.0849731846667254,2.0,1,0,0,0,0,0,0,0,Saludable
-0.7470038936235541,-0.5204203337795554,-1.4491463106011662,-0.6400870595782314,-0.06008624402834448,0.2997067729385544,-0.3880118505796151,-1.0748326701331925,0.08750746429672164,-0.7378750599727132,-0.08052432962556749,-1.1977557953117643,-0.12924040455329747,1.019121663143909,-0.0846496380872585,-1.035483686209341,0.6260056682883837,-0.7534672328467352,0.19354619909477339,-1.1783769399676514,0.06495370145849735,2.2580855007724523,1.0,1,0,0,0,0,0,0,0,Saludable
-0.0741145928249156,-0.4643093794813167,-1.630679612379351,-1.66545917673902,-1.1586541365075633,-1.7451177620933156,0.8066906103152534,-1.0748326701331925,-0.965370836925427,-0.7378750599727132,-0.41367236166521026,-0.8814168383327065,0.08526163585364613,-2.007470847845096,4.245386178676622,-1.035483686209341,-1.039926408222551,-0.7534672328467352,0.8117448449310727,-0.43354437584872446,1.5385833918271736,-0.845037400344844,1.0,0,0,0,0,0,0,1,0,Saludable
-0.2770376681385148,0.16974440408878197,-0.723013103488427,-1.028634808321988,-0.7011391788648862,-0.44611908346057316,0.34003268640761697,-1.0748326701331925,-0.965370836925427,-0.7378750599727132,0.4789597666288607,-0.5714424281334614,0.32237206439519717,0.3495370322186768,1.3760017929377104,-1.035483686209341,-1.039926408222551,-0.7534672328467352,1.3205444023691064,-0.24968874928826978,0.9341149729079493,-0.9419995836457343,1.0,0,0,0,0,0,0,1,0,En observacion
-1.0801656514809737,-0.026643935955053818,1.6369198196279757,1.901563623767174,3.036119632111633,2.2958014228579713,0.5806134098835041,0.2714321838978797,0.0044308406495954565,0.5168138328222046,3.012509555556213,-0.5093356419744068,1.1313557212258223,0.7045399466892681,-0.3285341247508924,-0.2772540790259012,-0.3441408838905605,0.03477916657398056,1.0344490670720465,-0.8008127981478222,0.1404837366181171,0.5186403285352901,0.0,1,0,0,0,0,0,0,0,En riesgo
-0.33452284438535823,-0.23986556228836148,-1.2676130088229813,-1.2159382361449569,-0.788918211435865,0.508893679870308,-0.5379758548688667,-1.0748326701331925,-0.965370836925427,-0.7378750599727132,-1.3260872699155752,-0.12319649064091608,-0.38911787658478675,2.582187116412336,0.20403976672827281,-1.035483686209341,-1.039926408222551,-0.7534672328467352,-1.2577437541330772,0.6096765703764662,0.053384484045417964,-0.2841869090591915,1.0,1,0,0,0,0,0,0,0,En observacion
0.5653295202705448,-1.4911398431390865,0.1846534054024971,0.5564495943541309,-0.31810340037334256,1.0814770943848522,0.21895452884972694,-1.0748326701331925,0.12358140213039455,1.3173235743511653,0.3498075491955651,-0.2713295684392013,-0.48970537186437424,0.6616195024486949,-0.1242488766208341,-1.035483686209341,0.059306577770750706,1.0631699828972196,-0.0119760314510341,-0.4634914715250063,-0.5787307625510419,0.6680828792890953,1.0,1,0,0,0,0,0,0,0,Saludable
1.4508926631782846,-1.047863304183,-1.630679612379351,-0.868338824967269,-1.14003434171978,-1.7451177620933156,-0.8530941828473589,0.17024740789093862,0.9474321445480614,-0.7378750599727132,-0.10910781397306457,-1.1977557953117643,-0.20571228582263684,-2.007470847845096,-0.5673078674838189,0.6987638459651614,2.354030066963825,-0.7534672328467352,0.3323717467050769,-1.1783769399676514,0.09513662364465313,2.2817493415000274,2.0,0,0,0,0,0,0,0,1,Saludable
-0.19374434894386008,1.7913509833078827,1.6369198196279757,1.754917086267811,0.9241029090402051,0.019880420146112642,1.13990804225969,0.18715851251605398,1.9062370528903174,-0.7378750599727132,3.765533928721457,-1.025773152107806,0.5343356191168515,-0.7843431874042652,0.04272980485064945,-0.3015736486957376,1.0873987312410058,-0.7534672328467352,1.5198851081663611,-1.0809816260750478,-0.14136833885402944,0.34164458739077164,2.0,0,0,0,0,0,0,0,1,En riesgo
0.20488519755175905,0.27074412182561164,1.6369198196279757,1.7433199147447995,0.4905276875532493,-0.5999218752913513,0.7651596306791136,1.1663114703102433,2.006250968531003,-0.17463215265024895,1.1377338611430154,0.45220050229888287,1.0955789385987766,-1.2118116217716097,-0.17588451230695643,0.2712169259561779,1.1671738891312458,-0.3871496637790131,0.08981312139520317,-0.2415795290346922,0.1611285343087825,0.3276473256490514,2.0,0,0,0,0,0,0,0,1,En observacion
-0.3466349900267882,0.7701316150799369,0.5477200089588667,1.5140116531018324,0.9799622934035549,0.0975809048155819,1.3777819800978133,-0.1787790014551959,1.7155054595170567,0.8525114663666076,-0.4941574360121097,-1.0621419908495946,1.6085910300602058,-0.6583289274765441,0.28162552052597006,-0.4849342538524431,1.05834324348649,0.3365182063755415,-0.7782525783529178,-1.097237289609855,0.5122648970419788,1.5943335575911384,0.0,0,0,0,0,0,0,0,1,En riesgo
-0.23319089459205458,0.4222436984308566,-1.4491463106011662,-1.2594731679878863,-0.8633973905869984,-1.0311682825387682,-0.14581513567819707,-1.0748326701331925,0.01676536119109017,-0.7378750599727132,-1.3260872699155752,0.21048760481499507,-1.0538044877422499,-0.5112147609841418,0.9583048856470244,-1.035483686209341,1.160421607539912,-0.7534672328467352,-1.2577437541330772,1.23342750051112,-0.9889579071615227,0.09843585405371633,2.0,0,0,0,0,0,0,0,1,Saludable
-0.8324685294643426,-0.6270311469462091,-1.2676130088229813,-0.869395321221198,-0.1585051593351995,-1.1949088326930162,-1.052669123900404,-1.0748326701331925,1.2670413385791452,-0.7378750599727132,-0.6990558869662724,-0.19243716439932126,-0.8565165533886742,-1.0937226342979292,-0.8502744502802395,-1.035483686209341,2.923351242903751,-0.7534672328467352,-0.4379987294000888,0.18598172920977513,-0.7366280182516942,0.8032933334968586,1.0,0,0,0,0,0,0,0,1,Saludable
0.14043107397912866,0.16974440408878197,-0.9045464052666118,-0.7309335937810081,-0.7303988563885457,0.2124462809929984,-1.0764241978557059,0.10777027135926173,-0.965370836925427,-0.7378750599727132,0.133099606024147,1.7843491013658999,-1.0538044877422499,1.020420976396436,-0.9296046202659907,0.4995655599623662,-1.039926408222551,-0.7534672328467352,0.5190044948774966,2.5910315902060637,-0.9889579071615227,0.18250573688010696,2.0,1,0,0,0,0,0,0,0,Saludable
-0.9454461085904902,-1.4013623162619044,0.7292533107370516,0.25006568071476987,1.019861853663091,-0.8641732618224482,-0.9539320478004765,1.6212671600164767,-0.5239809262980784,1.154386170920413,1.7692784258313965,1.4851454626401848,-0.39776459345030335,-1.0906223917191047,-1.0229462536352227,1.3192617300795735,-0.5488459861610225,1.0900397814298484,1.2782698546880171,1.1034337771535816,-0.46312407689520657,-0.6129023587390819,1.0,0,0,0,0,1,0,0,0,En observacion
-0.09759015422979837,0.5400767024571577,-0.723013103488427,-0.5542437030377382,-0.5149412309870526,-0.25337887597643355,-1.5440113168330223,-0.8764560178224623,0.2949269384025925,-0.7378750599727132,0.368838132195346,0.5326315879778386,0.7140921367063983,0.11411310542255741,-1.5482798817759325,-0.7987189876890198,0.8761895590103282,-0.7534672328467352,0.6398734307556505,0.8327369613543137,0.947435261589124,0.20313765183134033,1.0,0,0,0,0,0,0,0,1,En observacion
-0.399426205884775,0.9721310505535966,0.1846534054024971,0.7946348532571201,0.5783067201242281,-0.6610303716488285,-0.0467548612931632,-0.034470908654210035,1.7555926512769147,-0.7378750599727132,0.416527419238275,0.5597683368851731,1.0851870128246237,-1.0526047775004628,-0.42017312965531867,-0.26649219976486027,1.5220910930462839,-0.7534672328467352,-0.04945663892135644,0.08666633633912954,0.46200560695224663,1.0833300920206053,1.0,0,0,0,0,0,0,0,1,En riesgo
-0.6143174403248086,1.6622957884219336,0.9107866125152364,1.1733462575677467,1.16350027059742,-0.7308561998689984,1.3899827153605702,0.18025314479413196,1.3803647460541277,-0.7378750599727132,1.4131131669224537,0.5716581495507581,0.8142829935976592,-1.2003715028438344,0.4488765784724202,-0.1973574600719019,0.9555072466166056,-0.7534672328467352,0.45815415485554567,-0.02775569014965358,0.15587868440110447,0.5003819299016111,1.0,0,0,0,0,0,0,0,1,En riesgo
-0.19794875518173172,-1.7660835192004567,1.6369198196279757,0.9052755126771843,0.42136844977005394,0.9245360630835047,0.16623280859178682,0.5595316413029732,0.6703362336333425,0.22526828622361145,0.15799732528472996,-0.13592558420054207,-0.5922760590855939,0.2727635139470965,-0.2987159554820272,0.13598959594277799,0.4535943950455128,0.016602684638884927,-0.25987413995888553,-0.43722793344625327,-0.6853645549296534,-0.6838343812178171,1.0,1,0,0,0,0,0,0,0,En observacion
0.39775801411866546,-1.0646965904724717,0.1846534054024971,-0.6118531079646161,-0.7729583873320507,0.9556859956061939,-0.6209974143555079,-0.7036339236119066,-0.965370836925427,-0.2110373711296495,-0.925918489050617,0.6995086057430457,-0.3070930578788772,1.937231630583201,-0.3950781075227608,-0.5805095527707433,-1.039926408222551,-0.033168330265417295,-0.7976407879922283,1.0861370018547127,-0.14902753241085304,-1.368711685575815,2.0,1,0,0,0,0,0,0,0,Saludable
-0.353085585898591,1.6174070249833428,1.6369198196279757,1.5456822534494925,1.0092219709272148,1.0144698701336197,0.7348193916647743,-0.14049413959555934,0.2061365295046266,3.7294857556566487,0.05321628924245798,-0.5631894993420554,0.14039437183102244,-0.001924411194819315,-0.13158465343661516,-0.4656452063764836,-0.129772652976308,2.285697607408122,-0.46863112457360984,-0.8015070413724089,-0.3205609738685091,0.08910760329669755,2.0,1,0,0,0,0,0,0,0,En riesgo
-0.8072190541947141,-0.2903654211567763,1.6369198196279757,0.3694983319491381,0.8629235833089168,-0.7516906230208344,0.7535244924152924,2.3491492882558243,-0.965370836925427,1.639451529797544,1.0954603921869803,-1.1977557953117643,0.03139814271891444,-1.0131568958322512,0.4188164926195756,1.8404440057139368,-1.039926408222551,1.4738960413388562,0.6502244798394909,-1.1783769399676514,-0.1524546905784695,-1.3304932168667174,0.0,0,0,0,0,1,0,0,0,En riesgo
-0.6588841464462468,0.01824482748353706,-0.9045464052666118,0.10643076472085981,0.42136844977005394,-0.6358663403385216,-0.46828622464285413,-0.6826359687023883,0.4973128397874856,2.645278602249967,-0.7480991285309252,0.0692785943925502,-0.6704931492635697,-0.7949312874682087,-0.5424070979008822,-0.6757104595356616,0.669291942197988,2.7083356881056826,-0.7603784843033828,-0.04654943816630812,-0.6662669070438665,2.3722710744375592,0.0,0,1,0,0,0,0,0,0,En riesgo
-0.5045478807527628,-1.1151964493408866,0.7292533107370516,0.30166398626584606,0.37082900677464214,0.7440582357528862,0.16768720087476455,1.1023311244785565,-0.965370836925427,0.05103969542024941,0.47565010002020314,-0.5408086755009547,1.1578511655660293,0.539332145250774,-0.05017279908133298,0.83386291314859,-1.039926408222551,0.002119840475880651,0.193438097350784,-0.6290940424906315,0.7537577018971636,-0.535797721807902,2.0,1,0,0,0,0,0,0,0,Saludable
3.7149020682055034,-0.6214200515163851,0.5477200089588667,0.011006080084391532,-1.193233755399161,-1.1608531228827628,0.1504364924072241,0.2103643060849625,0.4779041089354276,0.09286265851341328,1.3613620163143536,-1.0412299085730663,0.5181527728731324,-1.346718101528871,0.0909256328221037,0.18423043224433833,0.7049298522885821,0.12597637571886106,1.134802027465138,-1.0337192705276375,0.38015533918502675,-0.7639441545180475,2.0,0,0,0,0,0,0,0,1,Saludable
0.5365494956532242,1.050686386571131,-0.9045464052666118,-1.093238947067981,-1.0362954850449868,-0.4231634428888153,0.08389804546099619,-1.0748326701331925,-0.965370836925427,0.724510920725544,0.30226870154393837,-1.1977557953117643,-1.0538044877422499,0.4847999775720362,1.0770558049364638,-1.035483686209341,-1.039926408222551,1.827339564812272,1.1589339854184626,-1.1783769399676514,-0.9889579071615227,-0.7649476580300022,1.0,1,0,0,0,0,0,0,0,En observacion
-0.32174836077494867,-1.2218072625075405,0.7292533107370516,0.05779550613482551,0.017052905806758122,0.4743149301482926,0.3837856542538614,1.3373015281864116,-0.965370836925427,-0.21969563588622457,0.8763454187547205,-0.7424459102943717,-0.2896409687925134,0.46066860130119375,0.28557448575573363,1.2155819711672842,-1.039926408222551,-0.21405278806420272,0.6703181072522878,-0.7646053093136715,-0.3344976485782592,-0.900216483599371,1.0,1,0,0,0,0,0,0,0,Saludable
-0.4140782736507273,-1.0927520676215912,-0.17841319815387252,-0.6882972909356732,-0.3952425502084451,0.9361882300066374,-0.7624774636607233,-1.0748326701331925,-0.5219402887084927,-0.7378750599727132,-1.3260872699155752,0.3773646225802024,0.21282054153943197,2.054055681780239,-0.5356131420835213,-1.035483686209341,-0.32188459733575414,-0.7534672328467352,-1.2577437541330772,0.7713895134227982,0.4886535353240304,-1.0529865102231788,1.0,1,0,0,0,0,0,0,0,Saludable
0.5507868822559893,1.0226309094220114,1.273853216071606,2.271859488951678,0.4479681566097445,0.5504172373096017,1.9236638836420936,1.3061569105018238,1.742577918205558,2.173580388961934,0.05968518306847035,-1.1977557953117643,-0.851280926662765,-0.580483049066611,0.29567626882521847,0.2066056055337954,0.7595990367019875,0.9407191369775327,-0.5796045220905417,-1.1783769399676514,-0.8920004626159962,1.4705310752698033,1.0,0,0,0,0,0,0,0,1,En riesgo
0.004916725525869325,-0.04908831767434966,-0.5414798017102421,0.2154441770371714,-0.15052524728329236,0.05044919721128897,1.6593684859965425,-1.0748326701331925,-0.19178780046455038,0.9588916666798489,0.08458290232905329,-0.035491637213602475,-1.0538044877422499,-0.11689584250782056,1.3369244491630838,-1.035483686209341,-0.16920253152509057,0.9188903329173989,-0.08849101670591043,-0.17832382022120674,-0.9889579071615227,1.5500197135370228,2.0,0,0,0,0,0,0,1,0,Saludable
-0.5327577187707008,1.735240029009644,0.5477200089588667,0.766340183467992,0.7352449904784021,-0.3046367873290676,2.3516996124795453,-0.1487148154549905,0.9813974235391626,-0.7378750599727132,0.8863496382763443,-0.6059928249381606,-1.0538044877422499,-0.7284793737156969,1.410568300573062,-0.34542605732688586,0.8078762563793863,-0.7534672328467352,0.28865546840081246,-0.7490048357040735,-0.9889579071615227,0.42120619567619655,2.0,0,0,0,0,0,0,1,0,En riesgo
-0.5316691807173342,-0.6999753875339196,0.9107866125152364,0.3106381326066896,0.4107285670341777,0.223633523550121,-0.7648610510133811,-0.12301933148293995,1.134581285264049,-0.7378750599727132,1.7072221769190674,-0.3807158449625812,-1.0538044877422499,0.0009502024612699046,-0.8683549463341483,-0.22063929929743883,1.250173937230858,-0.7534672328467352,1.1782223034105808,-0.4972420616532901,-0.9889579071615227,-0.7301859037508226,2.0,0,0,0,0,0,0,0,1,Saludable
0.8454984811489836,-0.41380952061290166,0.5477200089588667,0.1886067434603587,-0.5947403515061241,1.3325943675761587,0.48183593399793834,-1.0748326701331925,-0.5411676295525875,-0.0033402832263100244,1.1071194450129331,-0.5412982560224788,-0.19198859758654166,1.2626996435209006,0.29302172130377524,-1.035483686209341,-0.5580922815985722,-0.022884413416471308,0.7774792863821107,-0.6083768073362166,-0.28373540579850814,-0.48528139130919185,1.0,1,0,0,0,0,0,0,0,En observacion
1.600408260349716,1.089964054579898,1.273853216071606,-0.7169805570480859,-1.1160946055640586,-0.6416197793678989,0.5972985213521089,0.5391443651715837,-0.965370836925427,-0.7378750599727132,-0.733882606052828,0.0522831562882143,0.2328904439887503,-0.3123409178512745,1.2654784663817058,1.0451124191551386,-1.039926408222551,-0.7534672328467352,-0.5416104407464767,0.39083249796297326,0.5332581647354838,-2.437479974987542,1.0,0,0,0,0,0,0,1,0,En observacion
0.25153106894973354,-0.3857540434637822,-1.0860797070447965,-1.2242080516498481,-1.0203356609411727,-1.5714975691613489,-0.5659325065305484,0.08569188476536095,-0.1385725068783591,-0.7378750599727132,-0.06344945871272052,-0.25370466966433464,-0.7448231832359461,-1.652024509882189,0.16458653942623788,0.9583417184229246,0.7695570187219051,-0.7534672328467352,0.7771568722573072,0.40103436119771824,-0.5017938076907389,-0.7450305960939461,2.0,0,0,0,0,0,0,0,1,Saludable
-0.8242440197277937,-1.1769184990689494,-0.17841319815387252,-0.680719662631632,-0.0042268596649943195,0.23967341417747584,-0.7266832535852177,1.036377816440606,-0.965370836925427,-0.7378750599727132,0.5840416814537378,-0.39931990478049617,-1.0538044877422499,0.9879883097250759,-0.4931137853293374,1.638378983609013,-1.039926408222551,-0.7534672328467352,1.0116082953206211,-0.19365287900142494,-0.9889579071615227,-1.038124496185373,1.0,1,0,0,0,0,0,0,0,Saludable
-0.24006769054824448,1.190963772316728,1.273853216071606,1.454386404747918,0.8017442575776285,-0.4599505833493793,-0.23223027715845276,0.013537838364867945,0.34256448924391675,2.9399634027369093,1.453280484400252,3.0315904499857416,0.4137575490656111,-1.0531802268198334,-0.7150627041647476,-0.3572852615323961,-0.0017085165545343325,1.8029302042831796,0.3668981451149196,1.3879984850227787,-0.1497167714975368,0.40165693105723665,0.0,0,1,0,0,0,0,0,0,En riesgo
-0.669873197270711,-0.8234194869900449,0.5477200089588667,-0.28892956331547287,0.1314316452174272,-1.0450869557462013,1.0031951676597899,0.29257106467927413,-0.965370836925427,-0.7378750599727132,-0.0077868839307528364,2.4656353671039066,0.24693144293550667,-1.1192605709698833,1.2163603815281516,0.42049287891713816,-1.039926408222551,-0.7534672328467352,0.05900715121644083,2.6200856346530768,0.28207572583604074,-1.234555545184409,1.0,0,0,0,0,0,0,1,0,En observacion
0.6728644091298589,-0.10519927197258845,-0.17841319815387252,0.32512548928412727,-0.4697217293595787,0.9648391940620215,0.7188614763376582,0.1957549907004879,-0.16296946294940376,0.7121564376810743,-0.36553175644837316,-1.1977557953117643,-1.0538044877422499,0.7440609722213292,0.41710731861137856,0.047135606031016755,-0.16899286019579418,0.6247074776117695,-0.48998421511441265,-1.1783769399676514,-0.9889579071615227,0.9346411460220029,2.0,1,0,0,0,0,0,0,0,Saludable
-1.4847965559216092,-0.6606977195251524,-1.4491463106011662,-1.8630604071290193,-0.4032224622603523,-1.2447719709476197,-0.6651947798437734,-1.0748326701331925,-0.965370836925427,-0.7378750599727132,-0.8001511579216303,-0.6592172216352783,0.47420523944656195,-0.24418372924392115,1.1009938919669577,-1.035483686209341,-1.039926408222551,-0.7534672328467352,0.2013270943664248,0.3725649165987351,3.1581770368789917,-2.0061269543083675,1.0,0,0,0,0,0,0,1,0,Saludable
1.294650016026259,-0.251087753148009,1.6369198196279757,1.9778620831169995,-0.11328565770772558,2.4744195527245476,0.97099653850609,-1.0748326701331925,-0.2374527349692753,2.202137472720463,0.18680646871918075,2.4065360041485007,0.5276720941929673,0.778702978196442,-0.12772323102229366,-1.035483686209341,-0.5261110220378261,1.0637516935417002,-0.4713457424357166,0.7664870578323411,-0.18473691360231173,0.6107291196590887,1.0,1,0,0,0,0,0,0,0,En observacion
0.9810013106810433,1.9204061781938326,-1.4491463106011662,-0.9748020739120283,-1.092154869408337,0.16217633391813624,-1.5440113168330223,-0.9409061165604027,0.49511348594093224,-0.7378750599727132,-0.3354438781878501,-1.1977557953117643,-1.0538044877422499,1.3482503079689614,-1.5482798817759325,-0.8377439838339409,1.7069954819143112,-0.7534672328467352,0.11432588161900195,-1.1783769399676514,-0.9889579071615227,1.0910151505615213,2.0,1,0,0,0,0,0,0,0,En observacion
-0.023454377388863603,-1.429417793411024,-0.17841319815387252,-0.03562547870970867,-0.2702239280618998,-0.6262482175166838,0.16788919980295594,1.3181825849019062,-0.2258664482106287,0.37316765086662823,0.007557933982114131,-0.8718350481257352,0.10771136863292302,-0.7203774068100426,0.13627429665537708,1.2746391511361104,-0.13053135059103724,0.4429318528805216,-0.05003688308893077,-0.8719911994610101,0.040064973988582185,0.22709971810358687,0.0,0,0,0,0,1,0,0,0,En observacion
-0.020914455264341297,-1.002974540744409,0.1846534054024971,-0.41386328125133254,-0.4803616120954549,-0.5733049553372624,2.0217141633861706,-1.0748326701331925,-0.965370836925427,0.35747138142488394,-0.033587239539151284,-0.656139858357127,0.30396804317685,-0.4410969272001589,2.528910056366681,-1.035483686209341,-1.039926408222551,0.6171096382559895,0.10231719379929709,-0.5867409898031452,0.4088049189067881,-1.0235403509997703,0.0,0,0,0,0,0,0,1,0,En observacion
-0.26304217888094267,0.9609088596939487,1.273853216071606,1.4918738063097374,0.8522837005730406,0.3973699475735904,0.36948413013791437,0.7752891511450721,-0.11546795461405188,3.585991473082767,-0.7619395525307658,0.24063177692597762,1.9424018976757451,-0.43064760703820926,-0.3436103067750334,0.10719461455807575,-0.3712512572112205,2.225403423821374,-0.9308940369828326,-0.31327654111933434,0.709307888174834,0.4506729965857685,2.0,0,1,0,0,0,0,0,0,En riesgo
-0.6988720813908248,0.5344656070273341,0.9107866125152364,0.5385255889426483,0.8177040816814428,0.7366194458967218,3.1707648665097956,-1.0748326701331925,-0.965370836925427,-0.5194437490963099,1.339698743966777,-1.1977557953117643,1.2329744763150585,0.34875628416202437,2.280833950702803,-1.035483686209341,-1.039926408222551,-0.5593379965001498,0.7346595385211855,-1.1783769399676514,0.6831134728847226,-0.4051269813342024,1.0,0,0,0,0,0,0,1,0,En riesgo
0.5842839051045656,1.2134081540360233,1.6369198196279757,0.8960949245395959,-0.17978492480695196,-0.5261151321872183,-0.8363282718074777,1.4453446966246497,-0.02205210051302558,-0.5882035358765962,-0.2796308640145795,4.001659283348451,3.246231607782448,-0.9636601840800669,-1.029919604849193,0.7754692984257019,-0.17643751322249449,-0.6334977017767117,-0.55235451070735,2.4599145716612583,1.8467301375881862,-0.6949149360625715,2.0,0,0,0,0,0,1,0,0,En observacion
0.22940322132520966,-1.463084365989967,-0.5414798017102421,0.3959957437430775,-0.20372466096267347,-0.5248075324078144,-0.1815285461824261,-0.1983676976459547,1.8561053894394999,-0.7378750599727132,0.7872100794079204,-0.3555374181413428,-1.0538044877422499,-0.7963630367579666,-0.3915834176366931,-0.3055118586367237,1.9535108355362165,-0.7534672328467352,0.3933197080502005,-0.4953101297321546,-0.9889579071615227,1.95472378810496,0.0,0,0,0,0,0,0,0,1,En observacion
1.35647206610477,-0.15569913084100329,1.455386517849791,1.7167374975051415,-0.23298433848633307,0.5965319228632471,-0.13001881949363409,2.7888849837994534,0.6465741425901688,-0.7378750599727132,1.3539904861405256,1.978362868038442,0.3537064970729868,-0.37085430640916783,-0.7029076997497257,1.2306700856860193,0.16443390287282694,-0.7534672328467352,0.2168181559086795,0.6356663585759094,-0.23134726046893286,0.5111442452419015,1.0,0,0,0,0,1,0,0,0,En observacion
2.1365967638115313,0.19779988123790138,1.6369198196279757,1.6919644818957758,-0.5096212896191145,1.341282641665976,1.272621338081401,2.728427784764665,-0.15165526120270179,-0.7378750599727132,2.409924573693586,-0.39827080366294454,-0.11861049574614863,0.16169801504881942,0.1450717101176075,1.207655096550464,-0.4285693465307417,-0.7534672328467352,0.8092537112523147,-0.7192028995441864,-0.48276964873211936,0.26566363988388325,0.0,1,0,0,0,0,0,0,0,En observacion
0.0972754357046472,0.719631756211522,-1.2676130088229813,-1.3603624884205383,-1.041615426412925,-0.639992544086863,-1.035176016719034,-1.0748326701331925,-0.04057655507626309,-0.7378750599727132,-0.571182404359049,-1.1977557953117643,-0.032698620834639806,0.4769024497058129,-0.5697852851875347,-1.035483686209341,1.1825221046164507,-0.7534672328467352,0.07820005914475135,-1.1783769399676514,0.7788920373570332,-0.7374021217556593,1.0,0,0,0,0,0,0,0,1,En observacion
4.522205660482834,0.14168892693966256,0.1846534054024971,1.5903465433569661,-0.9697962179457607,0.19655167923002195,0.3339727185618767,-0.26352242574327484,2.3183551509826117,1.123753128945396,0.8221120181901271,-1.1977557953117643,0.26128975259292414,-0.6108768746268703,-0.3927994375320183,-0.5457716147622929,1.4849666441329175,0.49996975981284886,-0.04138960358351997,-1.1783769399676514,-0.26047224597639124,2.4705572570166368,1.0,0,0,0,0,0,0,0,1,En observacion
0.06013267429638229,-1.3003625985250746,-1.630679612379351,-1.6456286206164252,-1.182593872663285,-0.9281875354674898,-0.2673376908781079,-0.7512198930153566,-0.965370836925427,-0.7378750599727132,-1.3260872699155752,-1.1977557953117643,0.8680671590547258,0.3039873666957546,1.5417081965235202,-0.26708657467669716,-1.039926408222551,-0.7534672328467352,-1.2577437541330772,-1.1783769399676514,3.1989268817145047,-0.7672499999482526,1.0,0,0,0,0,0,0,1,0,Saludable
-1.4560856448314867,0.4839657481589189,1.6369198196279757,0.34296448924989115,2.849921684233799,0.8129832730139114,0.4939558696894188,0.02546956218369942,-0.5320981291544296,-0.47443089898756563,1.1127609221867814,1.1970622957605166,-0.9183128142899349,0.574888325901887,0.21155522203536484,-0.10336775792732686,-0.5723619443995562,-0.5045229113666682,0.6803479691459937,0.7972157063510196,-0.8836209364757425,-1.36251836545903,1.0,1,0,0,0,0,0,0,0,En riesgo
-0.8049843834819822,2.0719057547990767,0.3661867071806819,1.539537574087561,1.8471127363774662,0.003579009562876908,-1.1643745311902156,-0.9035137852226471,2.8970799713890663,0.8579292109803709,0.9318575541453856,-1.1977557953117643,2.755034627678974,-0.7347741720100173,-1.3119304705298582,-0.9308492539483869,1.9651434479929493,0.33372093700300615,0.035898914906198814,-1.1783769399676514,1.1459163198755906,1.9885078651282422,0.0,0,0,0,0,0,0,0,1,En riesgo
-1.309236677917774,0.5849654658957489,1.455386517849791,1.2184112874336077,3.2808369350367856,-0.44751385655860404,0.22303490719919197,1.4176292751557105,0.17087884670678793,1.1816267933709241,0.3337105343261851,2.439687599463131,0.780806713622907,-0.9866314257136845,-0.35912332445453615,0.6100349566351893,-0.08433931870028182,0.6601066684109242,-0.22981957964991917,1.1601234663455477,0.12259104613776572,-0.11437125019952635,0.0,0,0,0,0,1,0,0,0,En riesgo
-0.6799580127810028,1.948461655342952,0.1846534054024971,-0.7167376843460332,-0.19042480754282817,-1.0408445209063575,0.421559453825642,0.4671782199335921,-0.965370836925427,0.04541941829756024,0.05457024376418157,0.23007082567595827,-0.46939748638206,-0.9257362452415192,1.0342422701283338,0.952102441769613,-1.039926408222551,0.3727425432952531,0.41163968283307023,0.6138001710570317,-0.29766164450133803,-1.5515652685452264,1.0,0,0,0,0,0,0,1,0,En observacion
-0.3943636400175297,0.1921887858080774,-1.4491463106011662,-0.47866171815896763,-0.2702239280618998,-0.9284490554233704,-0.3658323682642058,-1.0748326701331925,1.6386641173936645,-0.7378750599727132,-1.090273524048725,-1.1977557953117643,-0.1274951956446611,-0.8846596577694258,-0.1626478576639395,-1.035483686209341,2.7873412591880573,-0.7534672328467352,-1.0025203247692556,-1.1783769399676514,-0.008145157607753195,2.820936647793964,0.0,0,0,0,0,0,0,0,1,En observacion
-0.7768321400700426,-1.6875281831829223,-0.17841319815387252,-0.9708068179632631,-0.29948360558555914,-1.325697868406285,-0.9562348355818577,-0.7713253174029941,-0.965370836925427,0.2539772693638341,0.5958511736709932,0.37813396339974015,2.3798940399998187,-1.2711956693126243,-0.6656488870630715,-0.5883685912004457,-1.039926408222551,0.8764023124987342,1.3982143056318803,1.08232279867558,3.653228337533639,-1.6070728797352147,0.0,0,0,0,1,0,0,0,0,En observacion
-0.38655957090476806,0.28757740811508314,-1.2676130088229813,-0.7417657162925544,-0.44844196388782626,0.20869782829204056,-0.9821714979616261,0.04642054180259259,0.03170736309705523,-0.7378750599727132,-0.4180351040129861,-0.9040074823973174,-1.0538044877422499,1.0309347218881988,-0.8008843039775937,0.427787613905931,0.6176463593622911,-0.7534672328467352,-0.1461052618113842,-0.8050722287753067,-0.9889579071615227,1.2038055579515692,1.0,1,0,0,0,0,0,0,0,En observacion
0.27560561425699803,0.8318536648079996,1.6369198196279757,1.6741497692002176,0.39476874293036335,2.5227716867896177,-0.14771392560319554,3.34018699457822,-0.2713499927073905,-0.7378750599727132,0.9287735466236818,0.41681082460014235,-0.6482813995172885,1.0041483007958365,-0.7054485909950424,1.5789553085510892,-0.5163975669965507,-0.7534672328467352,-0.0051875185286780635,-0.24733600704777753,-0.7685781306677196,0.24416208703037187,2.0,1,0,0,0,0,0,0,0,En observacion
-0.7646393619802152,0.7027984699220505,1.6369198196279757,1.0860578084500405,1.3789578959989133,0.6892552761094236,0.6253359725850672,2.2466961794019995,-0.965370836925427,1.459957093762113,0.7379411787563136,0.4890589215621957,-0.051737263474309396,-0.02622184334646427,-0.03800203811913732,1.2330693791254954,-1.039926408222551,0.9209402189790228,0.06464216439490215,-0.05649997616503695,-0.36087343939140804,-0.46563832305133535,2.0,1,0,0,0,0,0,0,0,Saludable
0.08948288551308545,-0.5091981429199075,-0.5414798017102421,-0.12877930358198522,-0.389922608840507,0.2779425010546978,-1.160051754126921,1.533517317128377,-0.16111021536778142,-0.7378750599727132,-0.18222135814613585,-1.1977557953117643,1.3585501900592125,0.402508508419809,-1.15701954289034,1.572046524310278,-0.015731724751070174,-0.7534672328467352,-0.18506364973802752,-1.1783769399676514,1.2242128717841996,0.7784470946439112,1.0,1,0,0,0,0,0,0,0,Saludable
-1.2774444554067454,2.027016991360486,0.0031201036243122936,-0.07319788571724668,1.5279162543011802,-0.7098183723070329,0.3112276392475317,0.8207612324703826,-0.965370836925427,2.211251435622121,-0.6819057963577743,0.06962829476506749,0.01577059021885236,-0.7997873671858183,0.3029606847535486,0.8201466019349335,-1.039926408222551,2.4668248342523116,-0.6662011847256202,0.029774388652728117,-0.028081108624171805,-0.15525949768899702,1.0,0,1,0,0,0,0,0,0,En riesgo
-1.1240872980152314,1.3873521123605637,-0.723013103488427,-1.0082092140793641,0.09419205564186042,-1.0555477539814326,-0.4167360981684239,0.19505036134110793,-0.965370836925427,-0.7378750599727132,-1.0019656013540894,0.4585650490786959,1.8545861585002694,-0.7709435410176102,0.18086404191780087,0.8754607047211644,-1.039926408222551,-0.7534672328467352,-0.8002090738104564,1.2487681132015116,3.0275382041467007,-0.8926940459502926,0.0,0,0,0,1,0,0,0,0,En riesgo
-0.35836701126862963,-1.5528618928671492,-0.9045464052666118,-0.6813389880218661,-0.42982216910004284,-0.3398257502814713,-1.5440113168330223,0.7557474302449385,-0.965370836925427,-0.7378750599727132,0.4613583578464546,0.5827086813223015,1.618506989768367,0.11403994841166877,-1.5482798817759325,1.2836532206413647,-1.039926408222551,-0.7534672328467352,0.8664890613934545,1.0181569022057986,2.1179974269815114,0.31219903886813744,1.0,1,0,0,0,0,0,0,0,Saludable
-1.255132305043027,-0.9131970138672271,0.0031201036243122936,-0.9869092781093507,0.35486918267082784,-0.48735206317111046,-1.0450335644147715,0.5298432576277704,-0.965370836925427,-0.7378750599727132,0.08345460689428362,-0.31084571053364485,0.8388745736738991,0.22066848165309974,-0.7921444032844898,1.3500684760100274,-1.039926408222551,-0.7534672328467352,0.7079288551124028,0.10557304947810188,1.5932359264016853,-1.841907552338426,0.0,1,0,0,0,0,0,0,0,En observacion
0.01905620129843737,0.5905765613255729,-0.9045464052666118,-0.9182248779688742,-0.7782783286999888,-0.9587272547597905,-0.6785267091044019,0.9278179198054891,-0.965370836925427,-0.7378750599727132,0.2408894298924711,-0.5888575066848178,1.3319754180413403,-0.6666496756183125,-0.28596477145539617,1.8299922209504105,-1.039926408222551,-0.7534672328467352,0.845481270791945,-0.32997184654453815,2.1438389708815406,-0.3072738411221931,1.0,0,0,0,0,1,0,0,0,En observacion
3.3963981375746357,2.593737629772698,1.0923199142934212,0.6687053572428449,-1.0150157195732346,2.004758769735531,-1.3618486833900707,-1.0020679449545704,0.17387178183818003,-0.5946339430349884,3.014991805512707,-0.13452678271047316,0.5578166117057773,1.4171388014865376,-1.405971906596162,-0.9797171098750329,0.07229574301232236,-0.6310122392690267,1.863174616273032,-0.3848771000295785,0.14455459986490826,-0.43137386748153966,1.0,1,0,0,0,0,0,0,0,En observacion
-0.7754383506048852,-0.7111975783935673,1.0923199142934212,0.16022706822551142,0.6341661044875784,0.058875951345225684,0.02139957707859534,0.9143829866866472,-0.965370836925427,0.21934421033753382,1.7871807133964077,-1.0205276465200481,1.6063698550855774,-0.0719673314803832,-0.1115896716982032,0.7555336739863427,-1.039926408222551,0.20789060493073236,1.3717131386444004,-1.0229889091282258,1.2090958495980506,-1.1251333455094081,1.0,1,0,0,0,0,0,0,0,En observacion
-0.9384714018041035,0.38296603042208927,1.455386517849791,1.1309528274244647,1.823173000221745,-1.4428878664137532,1.063471647832086,0.6850965931444558,0.43378098949838967,0.3830917438039891,1.9634204603074221,3.0451588244394086,0.43945971662916505,-1.7643431934999765,0.24601680134329584,0.15261121800214228,0.16328791133290788,0.09065314354984072,0.8253962316792118,1.6108711764267878,-0.06382770850128408,-0.22415199389211707,1.0,0,0,0,0,0,0,1,0,En riesgo
0.6634592099703464,-0.41942061604272557,-1.630679612379351,-1.6734861195418589,-1.3155924068617375,-1.1762828002797292,-1.5440113168330223,-0.4199971188162188,-0.965370836925427,0.7352451436986079,-0.6466277590973109,-0.8541402092763649,-0.10337958163441296,-0.3562823446216458,-1.5482798817759325,0.5596665995613156,-1.039926408222551,3.249326896519134,0.2948740503401655,-0.36328021777780756,1.135741260195974,-0.8765239108544258,0.0,0,1,0,0,0,0,0,0,En observacion
2.2925687163153654,-0.03786612681470174,-1.4491463106011662,-1.142165652896478,-1.3315522309655516,-0.30835618225715,-1.2468304936779213,-1.0748326701331925,0.22262034647827877,-0.7378750599727132,-0.5984119341848225,-0.2591599954756029,-1.0538044877422499,0.7837414294351879,-1.054418829283055,-1.035483686209341,1.4272635426707467,-0.7534672328467352,-0.144894290948102,0.31171369116731756,-0.9889579071615227,0.5074588044958891,2.0,0,0,0,0,0,0,0,1,Saludable
-0.4130012545185603,0.6803540882027547,1.273853216071606,1.2420185140731204,0.8948432315165451,1.0436148163278895,-0.8055436351511173,-0.18516764098023963,1.8966687299702607,-0.7378750599727132,0.45315941102046203,1.4006578526400293,-0.387531323031481,0.17347766410024343,-1.054258356845976,-0.4516030883334406,1.3528129058509815,-0.7534672328467352,-0.16236248047602675,0.4822525590450258,-0.5876662521385583,0.12397861749618343,1.0,0,0,0,0,0,0,0,1,En riesgo
-0.14292862807161286,1.3368522534921488,-1.4491463106011662,-1.2919816791576275,-0.9219167456343176,-0.6220348404497156,-1.0521035269014685,-0.9476705584104489,0.05816763050868089,-0.7378750599727132,-1.3260872699155752,0.29042910997242677,-1.0538044877422499,0.3987522210397893,-0.6467427913368594,-0.8068497063819206,1.3043533713083124,-0.7534672328467352,-1.2577437541330772,1.4272178384769052,-0.9889579071615227,-0.014913466684761944,1.0,0,0,0,0,0,0,0,1,En observacion
-0.9135386968674651,0.7701316150799369,-1.630679612379351,-1.5707752538438122,-0.7011391788648862,-1.0393625744896997,-0.2559853511137545,-1.0748326701331925,-0.965370836925427,0.20643276289351828,-0.009441717235081602,-0.8710657073061973,-1.0538044877422499,-0.13747815810255845,1.371070911657838,-1.035483686209341,-1.039926408222551,1.5886795592273073,1.4885393898883854,-0.47100520127033396,-0.9889579071615227,-0.4736299533808357,0.0,0,0,0,0,0,0,1,0,En riesgo
-0.18899279394900528,0.43346588929050406,1.6369198196279757,1.6677257862309263,0.8655835539928858,2.718969769245959,0.3550210068794144,0.22417504152880685,0.0980734322605755,1.925933763672994,1.3727201903577013,-1.1977557953117643,-1.0538044877422499,1.147176727499902,-0.400320981039274,-0.26513231834189677,-0.236559217108214,1.0086544435663987,0.2436017719082588,-1.1783769399676514,-0.9889579071615227,0.23640863000275925,0.0,1,0,0,0,0,0,0,0,En riesgo
-0.9611463981856105,-0.9693079681654658,0.5477200089588667,0.5845013914412066,1.368318013263037,0.448337281197468,0.35599060173473285,-1.0748326701331925,1.104924018962073,-0.7378750599727132,-0.8874812245727988,0.5515853481682709,1.3109535834600388,0.04632823879477792,-0.02647457588761976,-1.035483686209341,1.0323258953021144,-0.7534672328467352,-0.9344521417923165,0.16015779763366392,0.7162808681332083,0.13589363387862952,0.0,0,0,0,0,0,0,0,1,En riesgo
-0.09612725123744284,0.298799598974731,-0.35994649993205735,-0.6295099534038404,-0.5601607326145264,-0.5693240404532993,-0.002113098162876746,-1.0018800437920692,0.39500887529626466,-0.7378750599727132,-1.171435575656486,1.059140468839733,-1.0538044877422499,-0.2758374630778486,0.39419922242942745,-0.9453214392435497,1.1018107376967066,-0.7534672328467352,-1.0784479606455624,1.5378267069664746,-0.9889579071615227,-0.6606023466508962,1.0,0,0,0,0,0,0,0,1,En observacion
-1.2373931663955693,0.6635208019132832,-0.17841319815387252,0.11657070003155594,1.6289951402920038,-0.6706194366977907,-1.457232577282022,0.1701064820190625,-0.965370836925427,3.0424448522533303,1.7662696380053442,2.6170556284038544,-1.0538044877422499,-0.837077129421493,-1.4674232934460958,0.10249295164633233,-1.039926408222551,3.101045517047086,1.3938467624209756,2.2172911291991255,-0.9889579071615227,0.5256023173597053,0.0,0,1,0,0,0,0,0,0,En riesgo
2.742998851445802,-0.5653090972181464,0.0031201036243122936,-0.6580353522599188,-1.2490931397625111,1.3572063012018283,-0.06590435968570238,-0.5613927435984348,-0.965370836925427,-0.7378750599727132,-0.5517005031853602,-1.1977557953117643,-0.452421363361688,2.6237730436210067,0.33924283793372734,-0.39226432212880735,-1.039926408222551,-0.7534672328467352,-0.3477068193989641,-1.1783769399676514,-0.29755533270705975,-1.2348290241757534,2.0,1,0,0,0,0,0,0,0,Saludable
-1.2553626834670202,-1.1320297356303584,0.9107866125152364,1.6163824970170053,3.4989545311222483,-0.9332726457207272,2.139721937235552,-1.0748326701331925,2.552212218749113,1.0065374394046276,-0.3577089081006371,0.18593863866428778,0.38043992444618946,-1.4270140901047246,0.7047175642614478,-1.035483686209341,1.6486492294820159,0.41404266867550904,-0.7126987404322797,-0.36990900439526625,-0.1992088430401221,1.1323293170126396,1.0,0,0,0,0,0,0,0,1,En observacion
2.4102517747515693,-0.7616974372619821,1.455386517849791,1.1322764836506511,-0.7330588270725148,-0.08481473552482882,1.1062550208230122,4.220363015024858,-0.965370836925427,-0.7378750599727132,-0.6180442747498138,0.38365922928551205,3.0790881909416825,-0.6723021270075284,0.27483546131986736,2.537983395981216,-1.039926408222551,-0.7534672328467352,-0.8095157097971842,-0.13912566110886573,1.5706425675012576,-0.22249049693814707,2.0,0,0,0,0,1,0,0,0,Saludable
0.5071820060547216,1.4041853986500354,1.0923199142934212,0.34257589292660734,-0.38460266747256894,0.7773584434683731,0.991156031539586,-0.25450316994321326,-0.03366106102266768,-0.7378750599727132,1.304721585488919,-0.39596278120433104,-1.0538044877422499,0.5392457771573392,0.6411750679943968,-0.3404579978591608,-0.034349233833783153,-0.7534672328467352,0.8331571253221789,-0.5168588420097978,-0.9889579071615227,-0.8763395854294863,1.0,1,0,0,0,0,0,0,0,En observacion
-1.4207455945909664,-1.1656963082093017,0.7292533107370516,0.6144475956042926,3.0547394268994164,1.3730718451919288,0.24141680966460408,1.7863383312738543,-0.031098927160188087,-0.7378750599727132,0.42848735084683304,-1.1977557953117643,-1.0538044877422499,0.886187842609265,-0.13097594826730524,1.192682509478555,-0.11309811013563874,-0.7534672328467352,0.02401777623960259,-1.1783769399676514,-0.9889579071615227,-0.06839736091442267,0.0,1,0,0,0,0,0,0,0,En riesgo
2.1281361161903902,2.3187939537113276,1.455386517849791,-0.25615389217347356,-1.0628951918846774,0.17205597669585476,-0.18835610995529342,0.03420696624000918,-0.965370836925427,-0.7378750599727132,2.031494284871856,1.4229687364066266,-1.0538044877422499,0.3930825276463697,-0.09625192721028052,0.12986514496203827,-1.039926408222551,-0.7534672328467352,2.0517919506838815,1.5032427538727655,-0.9889579071615227,-1.9652941000135002,2.0,1,0,0,0,0,0,0,0,En observacion
1.8136580485187994,1.269519108334262,0.1846534054024971,0.6952027690367836,-0.7170990029687005,-0.5616527884141297,0.6642409661547195,0.5631487386811228,0.9656618403483586,-0.45326625180482644,0.4604557214986389,1.5157792152726914,-1.0538044877422499,-0.9349763344424932,0.16356415390326937,0.21019955048949765,0.8308009714052601,-0.5120308587002524,0.016767711751194177,0.83118324064256,-0.9889579071615227,0.9099822701665409,0.0,0,0,0,0,0,0,0,1,En riesgo
-0.5549719583042221,-1.0366411133233524,-1.630679612379351,-1.4988727904011385,-0.8687173319549365,0.1770248558575898,-0.05863239827081405,-1.0748326701331925,-0.965370836925427,-0.7378750599727132,-1.3260872699155752,-1.1977557953117643,-1.0538044877422499,2.7924921205602704,1.624685766651479,-1.035483686209341,-1.039926408222551,-0.7534672328467352,-1.2577437541330772,-1.1783769399676514,-0.9889579071615227,-0.1915851292851715,1.0,1,0,0,0,0,0,0,0,Saludable
3.495541492340006,-1.4967509385689104,0.7292533107370516,1.0955662747353998,-0.9352165990541629,-0.18805700255198812,0.9065992801986907,1.874886754102584,0.4575204067905677,1.3583870405358578,-0.699431985444529,0.35771146164473583,-0.6731902903041895,-0.7433693209746007,0.153590729932357,0.9741462234635474,0.19496654402616564,0.8396094165352701,-0.8572500369243589,-0.14641617312548297,-0.7509832859171895,0.6505502998472639,2.0,0,0,0,0,1,0,0,0,Saludable
-0.500026704181901,-0.5260314292093792,-1.630679612379351,-1.2252281169984691,-0.7064591202328243,-1.66465678900066,-1.2073195033236948,0.2737339731385205,0.28184418407824974,-0.7378750599727132,-0.37034581697005686,-0.39071727561657305,-0.547138610494044,-1.842635711363036,-0.9582514983249124,1.2829565556050335,1.6914845874083422,-0.7534672328467352,0.28358591907159475,0.1727143444111717,-0.18957394248051604,0.8818143076632646,0.0,0,0,0,0,0,0,0,1,En riesgo
-0.57795220609752,1.1124084362991935,-0.723013103488427,-1.2714832231043875,-0.6904992961290101,-0.22507660519555728,-1.0831709620572967,-0.057112998735614685,-0.965370836925427,-0.7378750599727132,-0.47264460305583567,-0.3738617176612441,-0.012073424641664507,1.20404849743028,-0.7154016081487707,0.7689558994102688,-1.039926408222551,-0.7534672328467352,0.161706416946339,0.2441237751988665,0.7060825719310055,-1.5282136994801272,0.0,1,0,0,0,0,0,0,0,En riesgo
-1.4919267681441915,-0.2230322759988896,-1.2676130088229813,-0.20620712099635585,2.1982288666613816,-0.4529476600863493,-0.38926424393440145,0.27861940336355395,0.369523579177441,1.1932217795069222,-0.932011284398373,-1.1977557953117643,-0.6374928353548092,-0.42128942872559644,-0.335740436200883,0.3587482724691836,0.7117799067331092,1.4655052490367202,-0.8769377867136409,-1.1783769399676514,-0.5953888005207808,2.8844325915292712,1.0,0,0,0,0,0,0,0,1,En riesgo
-1.239696950635499,1.550073879825456,-1.2676130088229813,-1.1798716398901452,0.09419205564186042,-0.6014038217080091,-0.7615482685910432,0.10504570450299305,-0.965370836925427,-0.7378750599727132,-0.9107993302247042,1.5871880313407032,-1.0538044877422499,0.2678387676065555,-0.21671368867801383,0.9343035114803108,-1.039926408222551,-0.7534672328467352,-0.6073699929970311,3.349195882299044,-0.9889579071615227,-0.17100695600205632,1.0,0,0,0,0,0,1,0,0,En riesgo
-0.27312699439123433,-0.3857540434637822,-1.2676130088229813,-0.7205872166735672,-0.5096212896191145,0.2709976933374192,0.601217300559021,-1.0748326701331925,-0.36301996798177116,-0.7378750599727132,-1.0058770255279574,-1.1977557953117643,0.03298469627222014,1.0950770983184985,1.2756409705729386,-1.035483686209341,-0.049017224957787014,-0.7534672328467352,-0.8698355811943466,-1.1783769399676514,0.2990474655750037,1.2702654361103718,0.0,1,0,0,0,0,0,0,0,En observacion
-0.3967538161664567,0.2090220720975489,0.0031201036243122936,0.11545348560211387,0.12611170384948908,1.611636160500958,-0.8749908666633004,-0.23388101735869732,0.30027794363750565,-0.7378750599727132,-1.1876830299171686,-1.0271719535978747,0.9905490933699329,1.6502884150823607,-0.9246730812486477,-0.2664849538867407,0.4343877221534989,-0.7534672328467352,-1.1390205487044334,-1.026476363618896,0.726661258832591,0.19297789005958663,1.0,1,0,0,0,0,0,0,0,En riesgo
-0.8824376096284156,0.9272422871150058,-0.5414798017102421,0.06819045778267692,0.7352449904784021,-0.5576718735301666,-0.5091708077087815,0.03181122641811786,1.736251941677843,-0.7378750599727132,-0.6307564033148849,-0.2517463475782383,-1.0538044877422499,-0.691834373872431,-0.5675004859117823,-0.006546289760695766,2.159911621472936,-0.7534672328467352,-0.6512809205162031,-0.32184518664078193,-0.9889579071615227,1.2199523468292728,0.0,0,0,0,0,0,0,0,1,En riesgo
-1.0853088497966166,1.4602963529482742,-1.630679612379351,-1.9570764300935826,-0.9511764231579772,-1.4443116972846597,0.41275230055649975,-0.9912166528201213,-0.965370836925427,-0.7378750599727132,-0.9787979350934864,-1.1977557953117643,-1.0538044877422499,-0.8214815830667759,5.051179652615352,-0.7588260707167481,-1.039926408222551,-0.7534672328467352,-0.17984934012915113,-1.1783769399676514,-0.9889579071615227,-1.988936134652102,1.0,0,0,0,0,0,0,1,0,En observacion
-1.2606671466794581,-0.30158761201642426,-1.0860797070447965,-0.7892108986385306,0.6049064269639187,-0.5912917167472854,-0.2968295343940437,-1.0748326701331925,0.0934933345595058,-0.7378750599727132,-0.5295859126638757,0.018781860601066708,0.22281582892525864,-0.16969268208264246,0.15097428516302783,-1.035483686209341,0.762984274714936,-0.7534672328467352,-0.25905565492533333,0.40507258031743215,0.5770132737698327,0.49593025436814225,1.0,0,0,0,0,0,0,0,1,En observacion
-0.18721888008425952,1.3256300626325008,0.3661867071806819,0.04884564706418716,-0.10264577497184936,-0.7486976724146431,1.2313327571590909,1.3325570238332543,-0.965370836925427,-0.019390984558674326,-0.6834854099664517,1.2726675162987349,0.38012261373552814,-0.8958482021125715,1.1002664749811726,1.218341818369696,-1.039926408222551,-0.0031468392694610514,-0.6933950998977071,1.073850286817402,0.24304362443060135,-0.4735522336717987,2.0,0,0,0,0,0,0,1,0,En observacion
-0.0929422695257403,-0.5653090972181464,0.1846534054024971,-0.23707624142724198,-0.3367231951611259,-0.44300990176287935,0.05404260387431601,-0.06368953942315965,-0.965370836925427,-0.7378750599727132,-0.446092050490924,2.054387729023681,2.3360258342509126,-0.38944519003620404,0.15037717720493335,0.018927636896578285,-1.039926408222551,-0.7534672328467352,-0.39692967502996834,2.124056432502786,2.2550781144452396,-0.71533351287673,0.0,0,0,0,0,0,1,0,0,En observacion
-1.2235128663499935,0.859909141957119,-0.17841319815387252,-0.7998972975288452,0.5118074530250017,0.12902141506702772,-0.45107591596095187,-0.0138017807790688,-0.965370836925427,-0.07073297557134779,-0.9487852765286147,0.22664376202528966,-0.4366351555062954,0.9939689168103008,-0.0510167813358127,0.39050080413542565,-1.039926408222551,0.24667282862759715,-0.7820718530482186,0.6857931682166176,-0.22775332420128333,-1.271867774658169,0.0,1,0,0,0,0,0,0,0,En riesgo
0.6196009175026862,0.31002178983437895,-1.2676130088229813,-1.1034274569190878,-1.0628951918846774,-0.5352102150972945,-0.8919991764170113,-1.0748326701331925,-0.965370836925427,0.5407126688754411,0.1255776364590162,-0.011991772180446824,0.23114523508011392,0.2876849686469203,-0.4902656560400022,-1.035483686209341,-1.039926408222551,1.5169475954595093,0.9100450660399373,0.659786718438875,0.8882630257491284,0.068881193659447,1.0,1,0,0,0,0,0,0,0,En observacion
-1.1374838033704222,1.1348528180184891,-0.35994649993205735,-0.6757407722395536,0.4772278341334041,-1.0288146029358411,0.21362175714547554,-0.12907914397360631,-0.5066128330356059,-0.5262792212725534,0.41931054797737344,1.2356692168864152,-1.0538044877422499,-0.9290182356434127,0.715364770201806,0.1594426994776516,-0.3015648735169354,-0.45525461437976233,0.8109168031692173,1.8155974760385551,-0.9889579071615227,-0.757319761081539,0.0,0,0,0,0,0,0,1,0,En riesgo
2.7491441959058145,1.0226309094220114,1.6369198196279757,1.7580258568540843,-0.6479397651855052,0.7557394604488946,0.7574432716222042,0.14520957798764264,1.9892910027864479,0.504611249159429,-1.0345357295711057,-1.1977557953117643,2.3876681524110164,-0.27559507499031494,-0.1849338932337556,-0.3264584543508376,1.1474162934654892,0.05197452997756885,-1.0988035434612184,-1.1783769399676514,0.8464873011259635,0.3453967329466678,0.0,0,0,0,0,0,0,0,1,En riesgo
-0.19285739201148722,0.5849654658957489,1.6369198196279757,1.133928018024609,0.5517070132845376,1.7715120268627453,0.5512427657244832,0.8413364097642734,-0.48625180464174145,0.624004163171149,-0.4680562016211059,0.9221278628874948,0.23923665820197357,0.8193003984519401,-0.10756996463780245,0.2570945049223092,-0.6282190333143619,0.27128129286912567,-0.7147965101991485,0.21414471784249067,-0.18848686872590129,-0.4078611442179728,0.0,1,0,0,0,0,0,0,0,En riesgo
-0.30691199026980187,-0.587753478937442,0.7292533107370516,1.6763841980591012,1.0278417657149979,0.5370797195596815,-0.8772936544446817,-0.10239717889842413,3.362390689316556,-0.7378750599727132,0.5552325380192871,-1.1977557953117643,1.5453668709609696,-0.3978604940922862,-1.1460398120630793,-0.4599280410629166,2.2230359679157075,-0.7534672328467352,-0.21321411377777164,-1.1783769399676514,0.4228373290084832,1.518481031732741,2.0,0,0,0,0,0,0,0,1,En observacion
1.7676169204838066,-0.8907526321479314,-1.2676130088229813,-1.1329850647588897,-1.2730328759182326,0.1423589328169476,0.5294268814798184,-1.0748326701331925,-0.965370836925427,-0.7378750599727132,-1.2371023699600778,-1.1977557953117643,0.18243804099362612,1.6385147849760888,1.8778220977486029,-1.035483686209341,-1.039926408222551,-0.7534672328467352,-1.1224305192878843,-1.1783769399676514,0.8501461359665379,-0.023873017027780892,1.0,1,0,0,0,0,0,0,0,Saludable
-1.151657835906589,-0.14447693998135538,-0.5414798017102421,-0.4307672213141939,0.775144550737938,-1.1115420823127968,0.5177917432159972,-0.2730114344495897,0.4804208952959164,-0.20698672095113485,-0.8564154902688086,0.23391752977364733,-1.0538044877422499,-1.15438752651501,0.8264595764024387,-0.12948099297805551,1.0411110575831537,-0.08433672305564187,-0.7599172389088195,0.3969213560687942,-0.9889579071615227,0.10154496077550351,1.0,0,0,0,0,0,0,0,1,En riesgo
-0.5118508767933397,-0.44186499776202104,0.5477200089588667,1.4370088629160542,1.1794600947012344,0.9003890538238452,-0.06307637469102365,-0.0838889143920477,0.8870065981453344,0.5914470623613374,0.6761105889309388,3.0906198728666445,-1.0538044877422499,-0.034915319768274264,-0.6037141866504996,-0.41543136179709383,0.4365654075643455,0.17435607555341928,-0.08252706420317085,1.434621154772576,-0.9889579071615227,1.4735130050094387,1.0,1,0,0,0,0,0,0,0,En observacion
-1.1353412840272876,-0.4643093794813167,1.6369198196279757,1.8823038184944023,3.2435973454612186,-0.10588162085966996,0.42410464032085315,1.2848771038485536,0.6255329016664426,2.158491717046967,1.6336573145720885,-0.059970663289806395,2.3574443072205415,-0.9027431961606962,-0.4136865618716654,0.2990553358991418,0.10621661655617674,1.0737153832588044,0.31246915581282886,-0.5517632550359313,0.7815438557851399,0.49539461427102943,0.0,0,0,0,0,0,0,0,1,En riesgo
-0.6069338118358342,-0.08836598568311657,-0.5414798017102421,-0.18368067788097656,0.13941155726933435,-0.10971724687925496,0.9987511912395803,0.22624195431632124,-0.2797619543266819,-0.7378750599727132,-1.3260872699155752,-1.075850245452269,1.5100660543999158,-0.017593422206555433,1.0982928279204134,0.293021895113733,-0.1481420722984869,-0.7534672328467352,-1.2577437541330772,-1.0571632730146607,1.4135650801101436,0.6553863520341691,0.0,0,0,0,0,0,0,1,0,En riesgo
-0.06615501827595872,0.08557797264142378,0.3661867071806819,0.4605391643135573,0.03833267127851056,0.7583837177805781,0.2310744645412074,-1.0748326701331925,0.09938850981830848,0.19468587737582577,-0.5989384720543816,0.0961355830018711,2.169279055798474,0.427180673578622,-0.0716075531730808,-1.035483686209341,0.06700733412475547,0.09548033638754803,-0.7010673012002474,-0.15009385499256464,1.4250004992143772,0.2064099794316923,0.0,1,0,0,0,0,0,0,0,En observacion
-0.9658403585744672,-0.20619898970941813,-1.630679612379351,-1.81347794500498,-0.8873371267427199,-1.2579060842874104,-0.6036255065310526,-0.5525613889608745,-0.965370836925427,-0.7378750599727132,-1.085910781700949,0.38666665248915977,-1.0538044877422499,-0.3815051383765408,1.1362954562192427,0.4271946202656849,-1.039926408222551,-0.7534672328467352,-0.6267649237966635,3.1426860476730716,-0.9889579071615227,-1.4256562756871929,0.0,0,0,0,0,0,0,1,0,En observacion
-0.7596574285613674,-0.4362539023321973,-1.630679612379351,-1.479710134209188,-0.7330588270725148,0.2817490693014069,-0.9090074861707222,-1.0748326701331925,-0.965370836925427,-0.7378750599727132,-0.6678397132709796,-0.4793313500124312,-1.0538044877422499,2.977573642616004,-0.21231204163729783,-1.035483686209341,-1.039926408222551,-0.7534672328467352,0.016708834389615606,0.26556869198921496,-0.9889579071615227,-0.11641763520934698,0.0,1,0,0,0,0,0,0,0,En observacion
0.034076874542778336,-1.182529594498773,1.273853216071606,0.9610755159737701,0.2325105312082513,2.861091336380729,-0.2985667251764893,-0.8128514743157778,-0.19017796414387741,-0.34253160254968185,-0.4406762324040298,-0.2146081680169118,2.336501800316905,1.8676575091225012,-0.6520019769687632,-0.8505263570772986,-0.34276486292135355,-0.4421295470409264,-0.6713653324693455,-0.5024697037340072,1.207640391509077,-0.24336400511560388,1.0,1,0,0,0,0,0,0,0,En observacion
1.8431580057110981,0.2539108355361402,0.0031201036243122936,-0.058831965390835204,-0.9538363938419463,0.38574683842333324,0.661493780731317,-0.3935500301941632,-0.2788096567848753,-0.7378750599727132,0.5456796366715708,-0.1288616366756945,-0.3695239402014602,0.46492098981847124,0.6407180342096445,-0.3721260225019123,-0.18835337635688393,-0.7534672328467352,0.45189288326286103,-0.16488087390693817,-0.3775023379144539,-0.12874100205291275,0.0,1,0,0,0,0,0,0,0,En observacion
-0.2727353510704464,-1.5360286065776776,0.0031201036243122936,-0.7071684998851608,-0.5016413775672074,0.2725958708455794,-0.09620419891440356,-1.0748326701331925,-0.5922062430432209,-0.7378750599727132,0.004323487069107839,0.8088948822664258,-1.0538044877422499,1.0771271609640365,0.34504694566729055,-1.035483686209341,-0.4300796976180497,-0.7534672328467352,0.3433449676456691,1.3285214918621941,-0.9889579071615227,-1.32552541753467,0.0,1,0,0,0,0,0,0,0,En observacion
-0.2546276069445997,0.1921887858080774,1.0923199142934212,0.4831870437799628,0.21921067778840603,0.2393828364487197,0.5801286124558449,0.6046748955939063,-0.0040491422226821856,0.5547380451185481,-0.7314003560963348,-0.041646363769905145,0.30626854582914337,-0.09107134363282693,0.20638334351481089,0.32557158506366723,-0.04753094944748515,0.41500410482868444,-0.8056653069278755,-0.2660307203734094,0.02254307711638988,-0.6844920262948693,2.0,1,0,0,0,0,0,0,0,En observacion
-0.5385114199099251,1.0394641957114834,-1.4491463106011662,-1.156920169546174,-0.6319799410816909,0.2866598329173907,-1.0117441410488384,-1.0748326701331925,-0.965370836925427,0.6347383861442126,-1.3260872699155752,-0.29769697652699817,-0.4191830664199316,1.97627365876381,-0.6555484395404888,-1.035483686209341,-1.039926408222551,1.7658232906855054,-1.2577437541330772,0.2637786551699564,-0.030662730285359374,0.4560133712880995,1.0,1,0,0,0,0,0,0,0,En observacion
0.8653340634547778,-1.193751785358421,0.3661867071806819,0.979278824992613,-0.28618375216571385,2.228503620877982,-0.26632769623715113,1.99871362019093,-0.052570969352826936,0.27767357290814493,-0.5667444423156218,-1.1977557953117643,-0.8339081652540666,1.3191483618131197,-0.6332910987077279,1.1238280592793348,-0.2230179651775065,0.042384243581987224,-0.7573117143824208,-1.1783769399676514,-0.8471815420599107,1.063171995157662,1.0,1,0,0,0,0,0,0,0,Saludable
-1.2143668429174728,-0.6831421012444479,0.0031201036243122936,0.923090225372743,2.4934856125819462,0.11068596038249685,2.34063007121466,-1.0748326701331925,0.2792140289627838,1.2708423635527097,0.9453218796669699,-1.1977557953117643,0.3406174302582139,-0.4300618337410991,1.2762036401212695,-1.035483686209341,0.09095744094117343,0.8447868289646444,0.26209758401366123,-1.1783769399676514,-0.07615767566834757,1.683819470168696,1.0,0,0,0,0,0,0,1,0,En observacion
0.22610305040151077,-1.5135842248583822,1.273853216071606,1.7258695111023195,0.4612680100295897,2.085859013831451,0.45682846668785027,0.2802635385354403,0.1983140854112156,0.7444097397274974,0.02846900937317774,2.0504011447769845,-0.0062825041720982085,0.6645957399119964,-0.3544954605997574,-0.24231260926192597,-0.17225682371688233,0.21432939792430436,-0.5139964299076708,0.6730248493136871,-0.4262666497656862,0.7566304201909788,2.0,1,0,0,0,0,0,0,0,Saludable
-0.05261452640577262,0.6186320384746924,-1.0860797070447965,-0.8125023907653754,-0.685179354761072,-0.4494607273412722,-0.5927983639799967,-1.0748326701331925,0.5069491839605283,-0.5285577119979679,-0.6799500842708401,-1.1977557953117643,0.028542346322963895,0.08103704295693583,-0.23668517806911962,-1.035483686209341,1.4971263008272677,-0.43762806978571056,-0.4378427772048919,-1.1783769399676514,0.3546785479716837,0.4294842335650856,0.0,0,0,0,0,0,0,0,1,En observacion
1.1309776647004604,1.2358525357553192,0.5477200089588667,0.016956461284679904,-0.7569985632282363,-0.8589719204777082,1.2054768943505991,0.8928683035802504,-0.47738636800254214,0.40445892349565404,0.29760508041355743,0.315117956272141,-1.0538044877422499,-1.0074727875162883,1.1058468211090648,0.8279418213154436,-0.45124385748783774,0.45323952280412294,0.1846648471653604,0.21677837774780376,-0.9889579071615227,-0.7546077610840424,1.0,0,0,0,0,0,0,1,0,En observacion
0.06581150244780858,1.1741304860272563,0.5477200089588667,0.22081166375253403,-0.19042480754282817,-0.5964349425462742,0.44850611084636705,0.09020151266539166,0.2659498846304778,1.4213746508117608,-0.6788970085317219,0.4469549967111249,-0.9106180295564018,-0.8001944596378994,0.243087019850402,-0.007930687395841742,0.34350929218615384,1.3708733451356216,-0.7222811324792467,0.23423229290822573,-0.8730594132989472,-0.43475054358065296,1.0,0,0,0,0,0,0,0,1,En observacion
-0.17871215677831948,0.23146645381684433,0.7292533107370516,-0.15543458263225893,-0.230324367802364,-0.8973281806735569,1.5818816971423442,0.3161526605731854,-0.376624218579008,-0.7378750599727132,0.5680951059756605,-0.2082436212370988,-0.09489152012422702,-0.9871568495244251,1.6697918131787701,0.3693577278832044,-0.28247390570406383,-0.7534672328467352,0.5368170027388124,-0.20519771617767535,-0.10017800406398286,-1.2188515318165007,0.0,0,0,0,0,0,0,1,0,En observacion
-0.2000797556036665,1.0787418637202502,-0.35994649993205735,-0.23683336872518906,-0.2649039866939617,-0.732192857421278,0.6250935738712374,-1.0748326701331925,0.331204939995224,-0.7378750599727132,-0.2797813034058822,-1.1977557953117643,2.6903032427040974,-0.7489115052473511,0.7571548835596817,-1.035483686209341,0.6822417757191204,-0.7534672328467352,-0.2343429458801942,-1.1783769399676514,2.5937718367409586,0.16089865493283542,1.0,0,0,0,0,0,0,0,1,En observacion
1.2506189397406047,-2.0859159587004177,-1.630679612379351,-0.5604733878453874,-0.9963959247854511,-1.5766407949603376,-1.2828671024672567,0.038810544721290585,1.5275627375162304,0.5329658004090319,-0.635946562314825,-1.1977557953117643,-1.0538044877422499,-1.767177019025875,-1.2296706717385193,0.2974456877528243,2.761039702841212,0.943244038721972,-0.4828711054907103,-1.1783769399676514,-0.9889579071615227,3.4893832513924905,2.0,0,0,0,0,0,0,0,1,Saludable
-0.9859293571466531,-1.4462510797004957,0.3661867071806819,1.102099550420615,1.9242518862125686,-0.13052261225821524,1.4772462523392296,0.7848721104326375,0.2555653066745872,0.5175226966034446,0.35763039754330106,-0.40449547029375066,1.7063227289438427,-0.698883916977513,0.5463269813430355,0.22937475737058907,0.017896809006197455,0.19896695628897546,-0.1835099636675174,-0.6529884119085386,0.7338517552134558,1.2660254499192891,0.0,0,0,0,0,0,0,1,0,En riesgo
-1.4219032461715313,-0.868308250428636,-0.5414798017102421,-0.8801788691923335,0.9134630263043289,-0.28493561731938183,-0.02675696740222046,-0.32308709425618176,-0.965370836925427,0.13266029651731995,-0.11572714719037965,-0.8730939694667971,-0.09171841301761538,0.43149204025216287,0.6195858745795412,0.01824310228946052,-1.039926408222551,0.6076617024295323,0.3337442530050685,-0.7352222985673865,0.248645087096454,-0.9058056170836738,0.0,1,0,0,0,0,0,0,0,En riesgo
-0.32369505845768926,-1.0871409721917673,0.1846534054024971,0.621988793003026,0.3788089188265493,0.0129065546559584,0.6320827367866578,-1.0748326701331925,0.42852067926745796,1.170386239125546,-0.018618520104541156,0.17509792711625452,1.0899466734845413,-0.37968631530763314,0.17527666918435203,-1.035483686209341,0.339765838066946,0.900491142384319,-0.3047414248709788,-0.13960018615402348,0.5397188994990949,0.782342551314789,1.0,0,0,0,0,0,0,0,1,En observacion
-1.1691377988270548,-0.18936570341994666,-0.35994649993205735,-0.8789887929522759,0.31230965172732295,-0.1653047663903599,-0.18362933503561596,-1.0748326701331925,-0.965370836925427,-0.5396969999888832,-0.44782210349090396,1.36163129106711,0.0359198203458359,0.629633501892214,0.39420809696739023,-1.035483686209341,-1.039926408222551,-0.4438023916345584,-0.10365848861185306,2.3128937661745077,0.4119433852233883,-1.182525793475989,1.0,1,0,0,0,0,0,0,0,En observacion
0.8330522867927641,1.409796494079859,0.9107866125152364,1.2500697441461643,-0.16382510070313763,2.47380933949416,-0.20241523535741082,1.5315913302127389,0.1494068045141492,-0.3836963349888371,0.06856110715532474,-0.7925929437133379,0.12865387553655963,1.2853283762573913,-0.6525834455864448,0.671648997610054,-0.10981988903552993,-0.4947052960888754,-0.4008666071256412,-0.9199613173249889,-0.27820548075028445,0.6098203969072699,0.0,1,0,0,0,0,0,0,0,En riesgo
0.33645431549413846,0.0687446863519519,0.3661867071806819,0.4175992705906566,-0.2569240746420546,0.8188238853619156,-0.318564619067432,-0.8819991021162502,1.4199077677900962,-0.7378750599727132,-0.48355145892527523,0.3170063382837339,-1.0538044877422499,0.5197739559904299,-0.5150203104502703,-0.8759763015531428,1.473461360954546,-0.7534672328467352,-0.6039840481996888,0.04176268794179543,-0.9889579071615227,0.13548949139163693,2.0,0,0,0,0,0,0,0,1,Saludable
-0.6781322637708584,2.167294377106083,0.1846534054024971,-0.45943834379150406,0.009072993754850956,0.29746932442713,-0.17457978305264385,0.5565252227029523,-0.965370836925427,-0.7378750599727132,0.33273267828271813,0.33910740182682086,-0.6123459615349122,0.7772333002358922,0.04875587410645945,0.8309248412195182,-1.039926408222551,-0.7534672328467352,0.5225363333664904,0.5338432258137767,-0.5254494601611985,-1.1029949645095776,0.0,1,0,0,0,0,0,0,0,En riesgo
1.0470450453792253,-0.20058789427959417,1.0923199142934212,1.4054232680141132,-0.2063846316466425,1.572117589390083,0.870360672481164,-1.0748326701331925,0.37666581074099026,2.339201348135953,0.3674841776736224,0.3579912219427495,-0.7812345872843142,0.48474881222148203,0.003356850873862505,-1.035483686209341,0.037916869449878564,1.4105614194656115,-0.25612104843291134,-0.22321957939373033,-0.8312486476863912,0.5737920250842965,1.0,1,0,0,0,0,0,0,0,En observacion
-1.0684278707785324,-0.6943642921040957,0.3661867071806819,0.07879185122727314,1.1236007103378838,0.21802537338512204,0.06349615371367068,-0.00680246247589594,0.18425635979407076,-0.7378750599727132,1.1320171642735162,-1.1977557953117643,0.4823759902460868,0.15944780926217605,-0.030462651340427072,-0.046171950194835984,0.3166019643340052,-0.7534672328467352,0.8781595049824682,-1.1783769399676514,0.31691872066003807,-0.424092413675539,0.0,1,0,0,0,0,0,0,0,En riesgo
0.41872245070202463,-0.8234194869900449,-1.2676130088229813,-0.9739155885495363,-0.9485164524740082,0.24132970723138764,-0.7538319095341339,-1.0748326701331925,-0.965370836925427,1.0791453438545031,-1.3260872699155752,-0.24531186072392175,-0.3620671385009229,1.4857681532241822,-0.3596332649488375,-1.035483686209341,-1.039926408222551,2.23759681737145,-1.2577437541330772,0.19034917313887054,-0.05212593250035066,0.4753001160009788,2.0,1,0,0,0,0,0,0,0,Saludable
-0.05006884482065036,0.8318536648079996,0.3661867071806819,0.33405106108456095,-0.04412641992453015,-1.3526344238620063,0.5594035224234133,0.055392822312028876,-0.1563260539077531,2.1276055094357926,0.48279597110707734,0.6081668684415534,0.6975126520743528,-1.610120038820456,0.27332275409011153,-0.07524995632188014,-0.16432460378065364,1.96212800363268,0.183886928960819,0.31571713061499457,0.3765271099560337,-0.0025005984600537374,1.0,0,1,0,0,0,0,0,0,En observacion
2.249770164598073,0.10802235436071922,-1.630679612379351,-1.6965225953315481,-1.4805105892678188,-0.31222086604961047,-0.7663154432963588,-0.8338024539346709,-0.965370836925427,-0.7378750599727132,-0.7438868255744518,-0.8335778273723536,-1.0538044877422499,2.242947477753581,0.4250621380517632,-0.43548927440828666,-1.039926408222551,-0.7534672328467352,0.10175830936490092,-0.29558914777931977,-0.9889579071615227,-0.9668868615906994,1.0,1,0,0,0,0,0,0,0,En observacion
1.2756149987438405,-1.2330294533671882,-0.5414798017102421,0.031905276096017655,-0.7915781821198341,-0.3293649520462398,0.40148076036342284,1.1533932653882801,0.01610782241222368,-0.7378750599727132,1.5614464067468328,-0.9889846729189967,-1.0538044877422499,-0.4184110816161896,0.3196393850959433,1.0633160750200885,0.13771988590861192,-0.7534672328467352,1.2936087272840744,-0.9868855980282628,-0.9889579071615227,1.1386195667102916,0.0,1,0,0,0,0,0,0,0,En observacion
-1.2895508415875754,1.011408718562364,1.6369198196279757,1.4799609002740572,3.5069344431741554,2.0295741077713303,0.15431487182849773,1.663779798032392,0.048417917580661135,-0.1959993323419138,0.5283791066717699,-0.5403890350539342,1.2077482748174964,0.7784447851590155,-0.4760611331638121,0.6607122462780063,-0.24006428174484132,-0.37909739951958166,-0.1802964886359266,-0.7818980106202472,0.29651356588628003,0.009784901154090113,0.0,1,0,0,0,0,0,0,0,En riesgo
2.356683031712606,1.28074129919391,1.273853216071606,0.3227817677093199,-0.940536540422101,-0.8233180331592942,1.3630764581254835,0.4146598450144833,0.00028154421743813184,-0.7378750599727132,1.4659926129653231,-0.728667715617194,1.4149521688792333,-1.0708151173735527,0.978558115163798,0.2346245296031787,0.009001023741449924,-0.7534672328467352,0.9756323392228201,-0.7888623474661745,0.9429702251690742,-1.0779550113710947,0.0,0,0,0,0,0,0,1,0,En riesgo
1.787625286607595,0.8935757145360623,-0.9045464052666118,-0.6459160044274939,-1.1240745176159657,-1.0987276044746381,-0.6608720027804788,1.0037299894560079,-0.965370836925427,1.1113986459009262,-0.4363887097519052,-0.3978511632159239,0.9304980413773086,-1.0480815371859844,-0.4270228118841279,1.553457849791543,-1.039926408222551,1.8158399347833236,-0.21822187808009433,-0.20817024057240946,1.2792209118809568,0.40483257508240805,1.0,0,0,0,0,1,0,0,0,En observacion
-0.16991746044238823,-0.3857540434637822,-1.4491463106011662,-1.4617375542572955,-1.0096957782052964,-1.1349335894776893,0.9901460368986292,-0.624950311814494,-0.965370836925427,-0.21873360646882734,-1.1442060458307126,-1.1977557953117643,-1.0538044877422499,-0.5276920913664108,3.7088083221215133,-0.11990896219290365,-1.039926408222551,0.425050854057587,-0.9105160862603935,-1.1783769399676514,-0.9889579071615227,-0.6068111710565138,1.0,0,0,0,0,0,0,1,0,En observacion
-0.6603700872810014,-1.0590854950426478,-1.4491463106011662,-1.5303976671275668,-0.836797683747308,-0.2225195211825007,-0.5070700188555914,-1.0748326701331925,-0.965370836925427,-0.7378750599727132,-0.540417548837664,-0.3718334555006443,-1.0538044877422499,1.8931431710714284,0.7240828639984048,-1.035483686209341,-1.039926408222551,-0.7534672328467352,0.3267052828148394,0.5506938888212878,-0.9889579071615227,-0.8462123886341577,0.0,1,0,0,0,0,0,0,0,En observacion
-0.5348484029684369,0.708409565351874,-1.630679612379351,-2.099290540780485,-1.3076124948098302,-1.1925551530900893,-1.1152483918540816,-1.0748326701331925,-0.965370836925427,-0.7378750599727132,-0.2172737363196453,-0.9298853099635902,-0.635509643413177,0.6482481516744281,0.21448215020594205,-1.035483686209341,-1.039926408222551,-0.7534672328467352,2.937428041127243,-0.12629053506417437,0.559332428731321,-2.5467856423339668,1.0,1,0,0,0,0,0,0,0,En observacion
-0.09347213990092416,-1.895138714086406,-0.5414798017102421,0.06283511470241716,-0.1664850713871067,1.5020011834411569,-0.9982506126456567,-0.5876989063486145,0.3456027718772997,0.3568637838981067,-0.5808105254024164,-1.1977557953117643,-0.5346048374229282,1.5970433187356639,-1.0300450050345276,-0.5816928172342576,0.51576587478713,0.38409132165936904,-0.6064802913764678,-1.1783769399676514,-0.5450915850007675,1.2079484124141222,1.0,1,0,0,0,0,0,0,0,Saludable
0.182567287727441,-1.648250515174155,-0.5414798017102421,-0.6822861915598715,-0.7224189443366387,-0.3125405015512426,2.198624824696147,-1.0748326701331925,-0.965370836925427,-0.7378750599727132,-1.2431951653078337,-0.06409712768550936,-0.18849817976926894,0.15622271713778157,3.287106054353492,-1.035483686209341,-1.039926408222551,-0.7534672328467352,-1.1591881165926878,0.22084282138014397,0.01754917271259749,-0.4622316596476292,0.0,0,0,0,0,0,0,1,0,En observacion
1.7176881565439324,-1.32280698024437,-0.17841319815387252,-0.08513507902313211,-0.9378765697381319,-0.8046048274273802,-1.2671515858539704,1.268764579164068,0.7771976220746377,-0.362531687806098,-1.3260872699155752,-0.16278257280986297,1.4179666206305142,-0.9054393924146099,-1.2707786939763108,1.268986954156569,1.1428048923397076,-0.3417750099082509,-1.2577437541330772,-0.18735276492881875,1.241565237613953,0.12999646292388567,0.0,0,0,0,0,0,0,0,1,En observacion
0.22859113738063458,0.046300304632656455,-1.4491463106011662,-0.30347763816842394,-0.5521808205626192,-0.39951041576804197,-0.499151660870491,-1.0748326701331925,1.3804100935561185,-0.7378750599727132,-1.3260872699155752,-0.1589358687121737,-0.19135397616521937,-0.289984612824301,-0.40748198503330824,-1.035483686209341,2.160763321393637,-0.7534672328467352,-1.2577437541330772,-0.09484653073290673,-0.14118728288790716,3.4317611905557412,2.0,0,0,0,0,0,0,0,1,Saludable
-0.21465695038182103,-0.3801429480339585,1.0923199142934212,0.7765165496839957,0.36018912403876596,1.1215768209532393,0.926556774303995,1.3687749729053769,-0.965370836925427,-0.7378750599727132,1.8253170990916208,-0.7307659178522972,1.3172204699955963,0.5304964600136236,0.32273508435166787,0.7800113018735436,-1.039926408222551,-0.7534672328467352,0.9385950552223337,-0.8405160033542376,0.6276696869330645,-0.28427803623556647,0.0,1,0,0,0,0,0,0,0,En riesgo
0.7066033293236279,-1.1208075447707107,-0.5414798017102421,0.2896660747844472,-0.4989814068832383,0.7006459230766758,-1.5440113168330223,0.03439486740251042,1.0993689499682011,0.6160547621958138,-0.7432850680092414,-0.8478456025710553,-0.11281957527658244,0.5047963945212872,-1.5482798817759325,-0.07932281360862024,1.227315596964491,0.548386494994318,-0.7864809833747585,-0.8846567138582639,-0.24456321518463378,1.7163871673814688,1.0,0,0,0,0,0,0,0,1,Saludable
-0.29618211517232995,-0.49236485663043605,-1.630679612379351,-1.504179558940988,-0.988416012733544,-0.747738765909747,0.49617785789952357,-1.0748326701331925,-0.965370836925427,-0.7378750599727132,-1.3260872699155752,-1.1977557953117643,0.3467256614384413,0.49379881878527065,2.828418039707639,-1.035483686209341,-1.039926408222551,-0.7534672328467352,-1.2577437541330772,-1.1783769399676514,1.7160094265802146,-0.21240147587017547,1.0,0,0,0,0,0,0,1,0,Saludable
-0.3576067624694528,-1.1208075447707107,-0.9045464052666118,0.03140738705680999,0.033012729910572455,-0.04061786298097579,-0.9125626673068898,-1.0748326701331925,1.6192327127906112,-0.7378750599727132,0.07457868280742945,-0.582213199606991,-0.004378639908131407,-0.09397487916215483,-0.9419004716798189,-1.035483686209341,2.061815925208803,-0.7534672328467352,-0.019928732490775012,-0.6136810843474089,-0.08165648241545773,2.176079786562424,1.0,0,0,0,0,0,0,0,1,Saludable
-1.3351024154715836,-1.1713074036391253,-1.2676130088229813,-1.1826525323286474,0.27507006215175617,-0.6886352558806893,-0.2863255901280939,-1.0748326701331925,-0.1402276907010228,-0.7378750599727132,0.5600465985409706,-1.1977557953117643,-1.0538044877422499,0.09803248720342582,0.5958031082640969,-1.035483686209341,0.718013920893541,-0.7534672328467352,1.7013364877518322,-1.1783769399676514,-0.9889579071615227,-0.17973362578322988,0.0,0,0,0,0,0,0,0,1,En observacion
0.3031646332271561,1.7689066015885877,-1.2676130088229813,-1.5279082219315276,-1.182593872663285,-0.842873914304602,-1.041195584779136,-1.0748326701331925,-0.965370836925427,-0.3079491766506129,-1.1342018263090887,1.6076105330957078,-0.5876750537810072,0.29919680108070995,-0.44865188541495277,-1.035483686209341,-1.039926408222551,0.2754237970604664,-0.871560239353735,4.682688796998677,-0.07118150470450052,-1.26317444913926,0.0,0,0,0,0,0,1,0,0,En riesgo
-0.6799464938598031,-0.43064280690237333,0.3661867071806819,0.5371776454462568,0.7857844334738142,0.36930013897571906,-0.9879082675222601,0.2707745298291253,0.5669439290943425,-0.09275838591702125,1.2296523292289134,0.4982210713221463,0.2833428469838747,0.0008371213182920506,-1.0964545285405638,0.037064390886117383,0.5159270178285146,-0.17988928590311237,0.6531946643135395,0.1380153373429479,-0.010847202633642564,0.3329878074918702,1.0,1,0,0,0,0,0,0,0,En observacion
0.7074902862560009,1.3480744443517967,-0.723013103488427,-0.3210009036215194,-0.7543385925442673,-0.8357838177229451,0.8672094892013792,-0.2549259475588412,0.34546672937132716,0.3295725283203641,-1.3260872699155752,-0.5272403010472875,-0.8160594377793764,-0.8384509897753569,1.1033402253928917,-0.15093464827979305,0.7615499778993645,0.5311085764032951,-1.2577437541330772,-0.4739544380770351,-0.753572663661789,0.7661646806757834,0.0,0,0,0,0,0,0,1,0,En riesgo
-1.0535627029703867,0.029467018343184978,1.0923199142934212,0.7781680840579536,1.7965732933820546,3.1595437215864575,-1.1488610135051207,-0.9788621513856619,-0.5777857374101499,0.3035977340506388,-0.20403506988501519,-0.28685626497896494,2.453034158807215,2.3327338938328377,-1.2491640953483336,-0.9642151230577144,-0.6732782896341428,0.1092407208398408,-0.47610722829712737,-0.5196619079331157,1.4009778514000115,-0.2820247096924875,1.0,1,0,0,0,0,0,0,0,En riesgo
-0.15782835264335748,1.8250175558868265,-1.2676130088229813,-1.0346094767924823,-0.7623185045961745,-0.23722275425757622,-1.5440113168330223,0.29050415189176004,0.058031588002708516,-0.7378750599727132,-1.3260872699155752,-0.14494785381148573,-1.0538044877422499,0.7381124773980156,-1.5482798817759325,1.0507469074364093,0.9520820407700991,-0.7534672328467352,-1.2577437541330772,0.38815262060974637,-0.9889579071615227,0.28483768994725356,0.0,1,0,0,0,0,0,0,0,En riesgo
-1.2216064848914514,1.0226309094220114,-1.4491463106011662,-0.9518870344733652,0.3282694758311373,-1.0417453118655022,-1.320762101395952,1.4029729844806103,-0.965370836925427,1.1667912870921142,-0.042989701495564775,-0.44205329030209783,-1.0538044877422499,-0.785729861895088,-1.216569116181835,2.576285687898984,-1.039926408222551,2.343434260943722,0.4967186920982536,-0.10569598850160301,-0.9889579071615227,1.1709143542348524,1.0,0,0,0,0,1,0,0,0,En riesgo
0.5285611238012683,0.49518793901856684,1.455386517849791,2.088842764319937,0.38412886019448744,0.10199768629267958,1.4972845460158104,2.2823504249866176,0.9242142235287771,1.1812217283530726,-0.14062486645096256,1.0016497275979057,0.5006213561091033,-0.8157957755598972,0.13013113341439175,0.782114260933435,0.26327478853355396,0.40551128520843643,-0.655680385316477,-0.018812088669838262,-0.216627583482546,0.9782230494946607,1.0,0,0,0,0,0,0,0,1,En observacion
-0.1212039426890768,-0.8234194869900449,1.6369198196279757,1.3847548010694366,0.6208662510677331,2.5602562137991978,0.000189689618504516,-0.8773015730537181,0.8893193207468647,-0.7378750599727132,2.088209935392942,-0.8737933702118315,0.37092060312635455,1.2433057764371869,-0.5509107710463705,-0.9103222020608597,0.45709780007448664,-0.7534672328467352,0.7716586684399585,-0.9784842993257669,-0.16048829416353885,-0.10512455649521592,2.0,1,0,0,0,0,0,0,0,Saludable
-0.1824039710228066,-0.447476093191845,0.9107866125152364,0.43734482126753366,0.12611170384948908,-0.03564898381924107,-0.26107572410417623,0.9763433950214455,-0.22330431434814912,0.48967447662615626,1.3947595611835346,1.247628969626503,-1.0538044877422499,-0.3329121188136463,-0.4732515749994968,0.6506854359679897,-0.26285083257595593,0.37215569405611665,0.8403935687802407,0.7791706518933963,-0.9889579071615227,-0.5494513414309342,1.0,1,0,0,0,0,0,0,0,En riesgo
3.9647129122622697,-0.3520874708848391,0.9107866125152364,1.0278169344978259,-1.0123557488892654,1.6648700004091355,-1.026126464736062,-0.8451704742659985,0.05562817039719667,2.853026323280538,0.8365541997551784,-0.5012925334065114,0.633019250132472,0.8105963752288389,-1.1821732699513476,-0.8762089028982188,-0.1379294824392614,2.0244333569719717,0.149190035166212,-0.7080253051308615,0.08462971705406638,0.2927987408234487,2.0,1,0,0,0,0,0,0,0,Saludable
-0.9658345991138673,-1.8614721415074627,0.5477200089588667,0.29374633617893114,1.1049809155501007,1.0896132707900321,0.41242910227139346,-0.27667550711836475,-0.5326196254273237,1.0038032505341303,0.03952630463391999,-0.4219804889196106,-0.6706518046189003,0.9004351473200458,0.16848557790496818,-0.3483900882682474,-0.5653698207643434,0.9189750606531125,-0.15496869603572938,-0.5280520542621658,-0.6862598453751593,-0.32031303548954954,0.0,1,0,0,0,0,0,0,0,En riesgo
0.7259493574784369,1.050686386571131,1.6369198196279757,1.3444986507042171,-0.06540618539628258,2.415345100468366,-1.2189950413731545,0.9933484502278117,-0.18816000030528732,-0.7378750599727132,0.736737663625893,2.068375743924369,1.596453895377416,1.1647858416723784,-1.3362936685362732,0.2878647946628859,-0.4064262484782388,-0.7534672328467352,-0.019575543947393314,0.8567254326795726,0.5673092533764884,-0.15371191008034996,1.0,1,0,0,0,0,0,0,0,En observacion
-0.08295536484564539,0.7701316150799369,-1.630679612379351,-1.7795729157984366,-1.2224934329228208,-0.6953476014149628,-1.5440113168330223,-0.7911019147562541,-0.965370836925427,-0.7378750599727132,0.9059067591456845,-1.1977557953117643,-0.4222768458488779,1.3733415118305343,-1.5482798817759325,-0.26866579095088383,-1.039926408222551,-0.7534672328467352,4.400875552707944,-1.1783769399676514,0.5773908688567791,-1.2926603039129838,2.0,1,0,0,0,0,0,0,0,En riesgo
2.168809426946347,-0.26230994400765695,-0.5414798017102421,-0.15350374465094055,-1.041615426412925,-1.1099729625775119,0.2709894527518164,-0.5052572713011764,1.7424192019485905,-0.7378750599727132,-1.2518454303077342,-0.6599166223803127,-0.5227850134508001,-1.2436433790663786,0.31885277575400606,-0.46066254761917985,2.4411914041130505,-0.7534672328467352,-1.1874588825656271,-0.6498089321686769,-0.4971423767849653,0.723027569770336,2.0,0,0,0,0,0,0,0,1,Saludable
-0.3632222365542812,0.6242431339045159,0.0031201036243122936,-0.5515963905853647,-0.34204313652906404,-0.7857753906039637,1.1140521794511982,-1.0748326701331925,-0.965370836925427,1.1855255441677444,0.10594529589402475,0.5569007938305321,-1.0538044877422499,-0.6447169793656353,1.6815896821114287,-1.035483686209341,-1.039926408222551,1.8041069457519854,0.34361005259792254,0.858486184481487,-0.9889579071615227,-1.0383500603124556,1.0,0,0,0,0,0,0,1,0,En observacion
0.19590043901603338,0.4222436984308566,-1.4491463106011662,-1.3350672965017596,-1.0575752505167393,-0.4003821489543113,0.37841248276397177,-0.529073743648214,-0.965370836925427,-0.5073424316879973,-1.3260872699155752,-1.1977557953117643,-0.5484078533366886,0.9614625044856457,2.0824046252914625,-0.024315560028077495,-1.039926408222551,-0.27702457687215326,-1.2577437541330772,-1.1783769399676514,-0.1296176615654211,-0.16514260003557238,0.0,0,0,0,0,0,0,1,0,En observacion
-0.2694294206861473,0.9833532414132445,-1.2676130088229813,-0.7256511125113638,-0.5149412309870526,-1.3455152695074737,-0.7892221217532569,-0.7787004380311695,1.118142815792388,-0.05736582998224932,-0.5710319649677464,-0.49660654841478086,-0.8589757113962981,-1.3909936119856525,-0.5522087211596981,-0.6521000980455863,2.3961785068654455,0.22927035964133533,-0.34076721543166744,-0.2944319374676018,-0.7574791067912928,1.2543745134084103,2.0,0,0,0,0,0,0,0,1,En observacion
-1.2510834042413508,1.4041853986500354,-0.9045464052666118,-0.7865757298212598,0.5862866321761353,-0.6997934406649361,-1.5440113168330223,0.0722569516465191,0.35158864214008384,-0.7378750599727132,-0.7818727718783625,0.17439852637122016,0.23463565289738667,-0.3447469784614315,-1.5482798817759325,0.49569335453363556,1.1994273090707945,-0.7534672328467352,-0.5763003556748209,0.6052250616306301,0.5893894485834996,0.03699772764671951,2.0,0,0,0,0,0,0,0,1,En observacion
0.6535817350416478,-0.5596980017883226,1.273853216071606,1.5564900886908328,0.06493237811820082,2.0153067412893892,0.40786392649426917,-1.0748326701331925,-0.02756182200490651,2.8981910727709765,0.16800154480635376,1.241684063293711,-0.3496126931074725,0.7185787957180013,-0.3378914120733972,-1.035483686209341,-0.31316392704053764,1.7139543173188194,-0.40510728180683575,0.26677303312291806,-0.5958089653858669,0.5351610058754734,2.0,1,0,0,0,0,0,0,0,Saludable
-0.7093715780643041,-0.07714379482346906,-0.723013103488427,-0.6878965509772865,-0.13722539386344706,-1.7451177620933156,-0.12084806815374727,-1.0748326701331925,0.4696962110750947,-0.27944272601931586,1.0589788397960958,-0.3553275979178325,0.40360360632445397,-2.007470847845096,0.2954148256792274,-1.035483686209341,1.2834086976520769,-0.10356446269547553,1.5857316740372571,-0.1357780332880834,0.710885419334473,-0.11948823870137917,0.0,0,0,0,0,0,0,0,1,En observacion
0.5003282479409313,1.7857398878780593,0.0031201036243122936,0.10451207037464433,-0.48834152414736204,0.039901225657430595,-1.0970280885312227,1.0732534195814827,0.28588011175542993,-0.7378750599727132,1.3261591987495418,-0.32063732096412645,0.036395786411827655,-0.05492734199018825,-1.1300404818407372,0.9363421092102371,0.42320558998216806,-0.7534672328467352,1.0260788348985164,-0.39433001693771325,-0.070554618035716,0.17278079405949176,0.0,1,0,0,0,0,0,0,0,En riesgo
-1.0460523663482162,-0.3408652800251912,-0.723013103488427,-1.3872970710781722,-0.4032224622603523,-1.2808326670862926,-1.2143490660247536,1.4455325977871507,-0.965370836925427,-0.7378750599727132,0.17379346137150456,-1.1977557953117643,0.08637222334096008,-0.9430856905115259,-0.9017938835244796,3.8133416014933417,-1.039926408222551,-0.7534672328467352,1.4490888502979233,-1.1783769399676514,1.0240964328507385,-1.807777857031513,1.0,0,0,0,0,1,0,0,0,En observacion
0.7277232713431826,1.4602963529482742,0.3661867071806819,-0.4668459612041084,-0.8234978303274627,1.1296839395855438,-0.963345197854193,-1.0748326701331925,-0.965370836925427,-0.7378750599727132,1.2744832678370932,0.2620334397240302,0.46524121187038425,1.9245334053113508,-0.8689066865960703,-1.035483686209341,-1.039926408222551,-0.7534672328467352,1.5423032948411175,0.4532548541753097,0.6111386452636018,-1.3252800179220745,2.0,1,0,0,0,0,0,0,0,En observacion
-0.08905463362085911,-0.6999753875339196,0.5477200089588667,0.2644437446762843,-0.05476630266040637,1.0813027477475985,0.749282514923274,1.8513991087899235,-0.965370836925427,-0.36096206086192356,-1.3260872699155752,-0.41666504325734915,-0.008107040758400018,0.9201068504180366,0.483642868360729,1.5080609208213986,-1.039926408222551,-0.3880176558840383,-1.2577437541330772,-0.5172283634895262,-0.15480250598941012,-0.36629000968599207,1.0,1,0,0,0,0,0,0,0,Saludable
-0.4651531702499665,-1.3003625985250746,0.9107866125152364,-0.0001782078451309573,0.11813179179758192,1.0212984467593955,2.6437496628585864,-0.9498314217792136,-0.965370836925427,-0.5839503531891559,-0.3658326352309784,-0.5682251847063031,-1.0538044877422499,1.1338375416374373,2.51943753798757,-0.9163687052701928,-1.039926408222551,-0.5898548830380431,-0.399382569009745,-0.5942115496580904,-0.9889579071615227,-1.1735346791559915,0.0,0,0,0,0,0,0,1,0,En observacion
-0.17558476967261488,-1.3564735528233134,-1.630679612379351,-1.1921124240735965,-0.8474375664831842,-0.34790381114090013,-1.079050183922193,-1.0748326701331925,-0.297062026336168,-0.7378750599727132,0.023805388242796613,-0.2947594933978536,-0.39919249164827864,0.7940121286230173,-0.7508039936553543,-1.035483686209341,0.39253678050466784,-0.7534672328467352,0.8729199847469061,0.3011979873942987,0.021872501794670436,1.0117140265129312,2.0,1,0,0,0,0,0,0,0,Saludable
-0.5742661513136325,-0.9356413955865225,0.9107866125152364,1.1302606402236146,1.062421384606596,0.07567134406734723,2.168728983323829,2.0432931709943594,0.2803930640145443,-0.7378750599727132,-0.20125194114591677,-0.2275470818000481,0.11318497839182821,-0.5424828128563687,1.0070374415223617,1.0698796299479538,0.03157163582459392,-0.7534672328467352,-0.5452944204263817,-0.5404579669276179,-0.2658374773787243,0.4389245571671883,2.0,0,0,0,0,0,0,1,0,En observacion
-0.4969857089851938,-1.0927520676215912,-0.9045464052666118,-0.994098310090108,-0.5442009085107121,-0.5700214270023148,-1.1250655397641809,0.5574177532248338,-0.965370836925427,0.39858548073680766,-0.35236830970939437,-0.7955304268424824,0.35703825953492885,0.08274866761028307,-0.9108211427970051,1.4010038724036715,-1.039926408222551,1.1388218376809989,0.1057170517277252,-0.5937029127805193,0.9437503434599446,-0.5056880798149491,1.0,1,0,0,0,0,0,0,0,Saludable
-0.8867572050782835,0.4054104121413847,-1.4491463106011662,-1.2856184143638492,-0.4670617586756096,-1.7451177620933156,-1.463211745556486,-0.35202387328137946,0.184097643537103,-0.3602531970806835,0.5361267353238547,-0.8146240671819214,0.11239170161517514,-2.007470847845096,-1.4008396772832743,0.25845424327954514,1.5813288140689288,0.0005874758920512446,1.8694243375997057,-0.5104867446331983,0.9269380222308535,0.0072736995711082005,1.0,0,0,0,0,0,0,0,1,En observacion
-1.3403780813810222,-0.8907526321479314,1.0923199142934212,0.8421771846839176,2.948340599540654,0.2758212836347758,0.5413448182431073,1.3117469700862372,0.3024999712350541,-0.7378750599727132,0.21606693032753965,0.738045586794441,0.5030805141167273,-0.25099192738054615,0.0021273916113602287,0.705219164148428,0.1380753516854385,-0.7534672328467352,-0.20260850089303972,0.1965399279076202,0.053156803599393884,-0.19469173757066607,1.0,1,0,0,0,0,0,0,0,En observacion
0.09194217518921004,-0.5709201926479703,0.5477200089588667,0.252397258654475,-0.19042480754282817,0.7177900090733051,1.1127593863107734,0.13863303730009754,-0.5059779680077349,-0.7378750599727132,0.6305274533662462,-0.11144655812433815,-0.34215589140693525,0.5538242265593186,0.8151426658868772,0.023521177359864066,-0.5292133951058625,-0.7534672328467352,0.34405291991743625,-0.2551874432459974,-0.41899534959420687,-0.385191442923817,0.0,1,0,0,0,0,0,0,0,En observacion
-0.03721948822244303,2.3300161445709757,0.1846534054024971,-0.21412477108327074,-0.3606629313168474,0.8331203096167318,0.0404278761142196,0.46050772866479645,-0.965370836925427,-0.7378750599727132,-0.138293055885772,-1.0139532795167248,1.2992130871655756,1.1672882357095131,0.12065414638240567,0.5510577402384954,-1.039926408222551,-0.7534672328467352,-0.10636140379809357,-0.9934223447543682,1.2424665692981662,-0.675320398159561,1.0,1,0,0,0,0,0,0,0,En observacion
-0.26961372342534173,-0.6831421012444479,0.5477200089588667,-0.47879529814509647,-0.36332290200081646,0.15459225519759337,0.05969857386367347,-1.0748326701331925,-0.4345329786212461,-0.7378750599727132,0.07645917519871215,-0.6124972518669805,1.4385124891458245,0.6045322509833232,0.3379213251699681,-1.035483686209341,-0.25968414198465073,-0.7534672328467352,0.2603347540917474,-0.5207795902155364,1.6501607387010235,-1.5324627111858078,1.0,1,0,0,0,0,0,0,0,Saludable
0.8875483029882988,0.5456877978869816,-0.5414798017102421,-0.9838005075230775,-1.0735350746205536,-0.610440789072334,0.6375367078478242,-0.8048186996188479,-0.965370836925427,-0.7378750599727132,0.42630597967294515,-0.47121830137003223,-0.03444382974327617,-0.0009246802926331666,1.75174738957784,-0.6347811123810455,-1.039926408222551,-0.7534672328467352,1.1817465248533252,-0.12844568601739564,0.39931244033075686,-1.1380722210847645,2.0,0,0,0,0,0,0,1,0,Saludable
-1.1061580971679792,-0.6158089560865614,-0.17841319815387252,0.04050296974868032,1.1741401533332962,-0.41255735578920566,1.4221005449429935,-1.0748326701331925,0.5130030754762986,-0.7378750599727132,-0.09135596579935581,-0.3695953731165343,0.2903236826184202,-0.5163978596677904,1.290785269825874,-1.035483686209341,0.72846133923142,-0.7534672328467352,-0.17012907210735753,-0.4211040904264253,0.16934446298195197,0.3764105610571183,2.0,0,0,0,0,0,0,1,0,En observacion
0.08709270936415818,-0.6326422423760331,-0.723013103488427,-0.5120931455965086,-0.5920803808221551,-0.09361924070614855,0.7098927239259625,-0.05462330833247268,-0.5556561564386447,-0.7378750599727132,-1.3260872699155752,1.0236808510664892,-1.0538044877422499,0.29706085904710267,1.14211331679763,0.1591995912657951,-0.428749083316096,-0.7534672328467352,-1.2577437541330772,1.3547931273171148,-0.9889579071615227,0.30488528639785645,0.0,1,0,0,0,0,0,0,0,En observacion
1.0018966337372046,-0.9075859184374031,-0.5414798017102421,-0.1207645044142494,-0.7702984166480816,-0.4191534702319766,0.6269519640105979,2.3493371894183253,-0.4089569874984409,-0.22460704922767358,-1.164590583352217,-1.1977557953117643,-0.4736018532983204,-0.4327276200433537,0.6572159142611855,2.3771698737108165,-0.33351604607283397,-0.1828606049355745,-1.1067593316812314,-1.1783769399676514,-0.45828504220060473,0.7964121665577428,1.0,0,0,0,0,1,0,0,0,Saludable
1.0607640805280059,-0.30158761201642426,0.5477200089588667,0.3920369186996203,-0.5947403515061241,1.0212693889865199,-0.5189475558332425,-0.22951231533054256,0.033135809409765085,-0.7378750599727132,2.4900335495622286,0.3508573343433986,-0.8043982691625788,0.7415155724521567,-0.6769424895015764,-0.3305635052066587,0.020771726084858264,-0.7534672328467352,1.7274488496602365,0.0791824078170645,-0.7980885645479854,-0.1660910590510891,0.0,1,0,0,0,0,0,0,0,En observacion
2.3058730703009593,-0.8570860595689882,-1.630679612379351,-1.3198391780830612,-1.3820916739609637,-1.6840673812815896,-1.5440113168330223,-0.3494402322969869,0.5740861606578921,-0.7378750599727132,-0.8297124983125943,-0.2290158233646204,-0.12011772162178912,-1.8741191954840737,-1.5482798817759325,0.29418067821462957,2.5547416735744215,-0.7534672328467352,-0.40423038238881914,0.5508148348525417,0.5816959733718805,0.5106926686615216,1.0,0,0,0,0,0,0,0,1,Saludable
-0.8247278144181791,0.06313359092212793,-0.5414798017102421,0.19881954058167053,0.7485448438982474,0.3515167819758256,0.7040751547940521,-1.0748326701331925,1.2071372884493121,-0.7378750599727132,-0.4955113905338332,-0.6341087348885434,-1.0538044877422499,0.21255340234981976,0.48793604168260646,-1.035483686209341,1.419181577820355,-0.7534672328467352,-0.5654269050260093,-0.6906596578612936,-0.9889579071615227,1.5127557992187883,1.0,0,0,0,0,0,0,0,1,En riesgo
-0.866391752397306,-1.2161961670777164,0.0031201036243122936,-0.6457217062658517,0.0782322315380461,1.0024108943902277,-0.9929986405126819,-0.9371950686010022,-0.965370836925427,-0.7378750599727132,-0.5010776480120299,0.7822477138806153,0.7524867326963983,2.070106829006358,-0.8487642272675198,-0.864065817944464,-1.039926408222551,-0.7534672328467352,-0.29389335626037494,1.2229532960364398,1.075552362194281,-1.212098885059109,0.0,1,0,0,0,0,0,0,0,En observacion
-0.1644459728725554,1.4266297803693309,1.6369198196279757,1.3042060694336899,0.6208662510677331,0.1348329696421563,0.3130052298156155,3.1671769992051626,-0.965370836925427,1.4421848661038799,0.878978108102516,2.3048431358204984,-0.23466688817046755,-0.5598011654192294,-0.32503158211588784,1.7057978911423162,-1.039926408222551,0.8180029199473812,0.07895975166861845,1.0257638893159793,-0.5031672736384304,-0.20234323412121694,2.0,0,0,0,0,1,0,0,0,En observacion
-0.9165969704459719,-1.9400274775249968,1.0923199142934212,1.278267264854472,1.9003121500568474,1.419651455111585,-0.027645762686262475,0.5224681369995947,1.4020181782547296,-0.7378750599727132,0.5397372807151176,0.33679937936820725,-1.0538044877422499,0.44528055688876905,-0.5429901802702486,0.00337668609338257,0.9214562215822949,-0.7534672328467352,-0.11940139764470196,-0.2064806763068374,-0.9889579071615227,0.40030244984476077,0.0,1,0,0,0,0,0,0,0,En riesgo
0.8596149190791524,0.28196631268525957,-1.4491463106011662,-1.4345358116274036,-1.2490931397625111,-1.7451177620933156,-1.5440113168330223,0.11871551407496156,-0.028423424542731494,-0.7378750599727132,1.0902702331870402,-0.5431866380340717,-1.0538044877422499,-2.007470847845096,-1.5482798817759325,1.3432765201592265,1.3388200351617123,-0.7534672328467352,3.259811995763894,0.09200169577710113,-0.9889579071615227,-0.511965269504705,2.0,0,0,0,0,0,0,0,1,Saludable
-0.3166051624593059,1.1853526768869038,-1.630679612379351,-1.7007850112525718,-1.1054547228281824,-1.7451177620933156,-1.1832008312976487,1.7170028023108808,-0.965370836925427,-0.7378750599727132,-1.183922045134603,-0.07619676057460437,-1.0538044877422499,-2.007470847845096,-0.6290275781375305,5.9424774095873305,-1.039926408222551,-0.7534672328467352,-0.9244219512232288,1.5514039952274947,-0.9889579071615227,-0.9836066273832307,0.0,0,0,0,0,1,0,0,0,En riesgo
0.23367098162967917,0.9833532414132445,1.6369198196279757,1.7598959766598892,0.47190789276546596,0.2489428437248061,0.9419490926321754,0.2844443394010938,0.42298828402458183,3.079963999531822,1.7868046149181511,-0.05689330001165506,0.36171859251718097,-0.6271310417142877,-0.07624635276955667,-0.24587010103927603,-0.01254740530364618,1.7204203958996735,0.4385548352378653,-0.5330097550451428,-0.2343282349050378,0.3476538830076361,0.0,0,1,0,0,0,0,0,0,En riesgo
0.6584715170908989,0.18657769037825345,1.0923199142934212,1.0565852060559568,-0.15052524728329236,-0.667248735044216,1.988101541735131,0.7697930421419096,0.6260997454413274,-0.3532658255227457,2.4946219509969585,-0.47261710286010095,-0.21189984468052944,-1.1234373968978173,0.9297875133711229,0.23412517762199767,0.3554215802921815,-0.45818514228349844,1.2090753191499577,-0.6923619074123522,-0.45717438643248853,0.09784306716901771,1.0,0,0,0,0,0,0,1,0,En observacion
0.2024489457180332,0.48957684358874287,0.3661867071806819,0.32698346545483,-0.22234445575045683,-0.2891199366134744,-1.3012086051470302,0.72521349133848,0.021005352627228864,1.8923640003185538,0.5853956359754614,1.4580786538073536,-1.0538044877422499,-0.530028856182907,-1.3375243025048384,0.49734047098282586,0.030048273629703335,1.744919289173443,0.2691567398320913,1.0239238212861448,-0.9889579071615227,-0.014173597339949192,0.0,0,1,0,0,0,0,0,0,Saludable
0.7068164293658213,-0.5653090972181464,0.1846534054024971,0.3347432482854105,-0.4803616120954549,0.3171123788910646,1.2662785717361928,1.5585551470316732,-0.965370836925427,0.9825373370969281,-0.49694056475120807,-0.3362339575783934,-1.0538044877422499,0.07986581683520555,0.8849454439813056,1.2013267243925803,-1.039926408222551,0.8765891563653762,-0.5970847536407835,-0.46577405046948733,-0.9889579071615227,0.2815646595053095,0.0,1,0,0,0,0,0,0,0,En observacion
-1.1232118600040584,-0.6326422423760331,1.273853216071606,1.1348995088328195,2.392406726591122,0.756843655818169,1.6514501280114422,0.6600117879505345,0.06317852947866308,-0.7378750599727132,2.470476428692889,-0.6435506449465078,0.04972283625959639,0.003176789651652074,0.6483899074897294,0.13448674107321001,-0.156314195257559,-0.7534672328467352,1.144055223325698,-0.8144184670372436,-0.30597833383346135,-0.01608316223403334,0.0,1,0,0,0,0,0,0,0,En riesgo
0.22866601036843234,-1.0703076859022955,0.3661867071806819,0.41429620184274146,-0.1957447489107663,-0.06023185967203478,-0.16431823750052385,-1.0748326701331925,0.8602288982197732,-0.7378750599727132,-0.11437319266865605,1.3644988341217512,1.7278998572688018,-0.34496581016414524,-0.38374957637987855,-1.035483686209341,0.885731984370782,-0.7534672328467352,-0.31654090768798576,0.8876723436546221,1.1248849879729244,0.13003406923470953,1.0,0,0,0,0,0,0,0,1,Saludable
0.5877223030826607,-1.008585636174233,0.0031201036243122936,0.5686903785375821,-0.3234233417412806,1.2498959459720789,1.452359984386056,-0.3671029415721075,-0.965370836925427,2.434239727949353,-0.7004850611836473,-0.505069297429697,-1.0538044877422499,0.8102180435662215,0.8631003141127569,-0.4767296853999174,-1.039926408222551,2.04009154339714,-0.7944215606023461,-0.6458312616563388,-0.9889579071615227,1.0296218567760562,1.0,1,0,0,0,0,0,0,0,Saludable
-0.24814245430919774,-0.3352541845953674,0.9107866125152364,0.4672910254306196,0.2032508536845917,2.22504574590578,0.7187402769807434,-1.0748326701331925,-0.007835658638913138,-0.7378750599727132,-0.01794154284367936,-1.1977557953117643,-0.05713154555554904,1.845401224753081,0.33012371553308445,-1.035483686209341,-0.046553884109676244,-0.7534672328467352,-0.258381532106755,-1.1783769399676514,-0.24405764262701046,-0.5067360423432555,1.0,1,0,0,0,0,0,0,0,En observacion
-1.0291425900271327,-1.2723071213759554,0.3661867071806819,0.8411692629703994,1.7912533520141165,0.04702038001196324,1.3886091226488688,-0.19855559880845605,0.8749895101177751,-0.7378750599727132,-1.0131733360061344,0.8170079309088246,1.2117939863784264,-0.4494146034804254,0.6326582261125786,-0.39617283187938546,0.670465860311334,-0.7534672328467352,-1.0435892781898182,0.25302528684744435,0.5279662095156324,0.8350671562211393,1.0,0,0,0,0,0,0,0,1,En observacion
0.8967979967116164,0.07435578178177586,1.0923199142934212,-0.07369577475645434,-0.7170990029687005,-0.5471529597491838,1.0974074677682317,-1.0748326701331925,-0.41179120637286526,-0.7378750599727132,1.7390401081795708,0.8081255414468879,0.5187080666167894,-0.609776999543905,1.087936735618594,-1.035483686209341,-0.34948106260864964,-0.7534672328467352,1.5574424654324763,0.7341129597523814,0.4240070178338019,-1.4442938543279693,1.0,0,0,0,0,0,0,1,0,En observacion
-0.2677534176515986,2.5769043434832257,-0.35994649993205735,-0.11051527638762941,-0.13456542317947803,-0.11709792118966818,-0.6399045140342176,1.5501935453003657,-0.965370836925427,0.29787619067348686,0.4627123123681782,-0.8865224637714575,1.6647550258472308,-0.08151166048804609,-0.6333602233518141,1.5705499274007322,-1.039926408222551,0.39351725983913516,0.4081207572331149,-0.8774927244621563,1.4878680790515066,0.42516304813156025,2.0,1,0,0,0,0,0,0,0,En observacion
-0.6348441579025813,-0.3184208983058957,-1.4491463106011662,-0.9186620488325687,-0.38726263815653794,-0.4073269566715899,-0.6857582707336519,-1.0748326701331925,0.48384463169622105,-0.7378750599727132,-0.9194495952246046,-0.21230014555829818,-1.0538044877422499,0.2740505221702764,-0.2962130139038498,-1.035483686209341,1.6021812170013625,-0.7534672328467352,-0.7118167808297968,0.19503030807082708,-0.9889579071615227,1.286761848273133,1.0,0,0,0,0,0,0,0,1,En observacion
-1.1028579262442801,-0.026643935955053818,1.6369198196279757,0.31012809993237905,1.4507771044660773,0.4686777222104181,-0.5202807487593052,-0.5686269383547342,-0.965370836925427,1.164664695748394,0.6167622490620569,3.0068316636115235,0.22019801556230398,0.2513085456208644,-0.6547731542234289,-0.6020503008741828,-1.039926408222551,1.0636575597841997,0.30276456801984436,2.3274108772372943,0.012138414028887138,-1.4021504028931786,1.0,1,0,0,0,0,0,0,0,En riesgo
-0.14438577160336843,-0.43064280690237333,-0.723013103488427,-0.4757836766396441,-0.44312202251988814,-1.1056142966461655,-1.0547699127535939,0.27932403272293366,0.021368132643155235,1.2331713168925231,-0.34341716592688876,0.8101538036074873,-1.0538044877422499,-1.1293517132340691,-0.9736217216317375,0.5249253045609119,0.40849197430090395,1.7800395704845706,-0.19553741923087292,1.0747238064393474,-0.9889579071615227,0.39253306149260697,1.0,0,0,0,0,0,0,0,1,Saludable
-0.0005835593469624453,0.6186320384746924,0.0031201036243122936,-0.21553343275517567,-0.3819426967885999,0.22459243005501733,1.3887707217914222,-0.7860755586593449,-0.965370836925427,0.11119185057119217,0.4679776910637697,-0.6012368998719266,-0.028890892306705978,0.41931544352952344,1.5426191920043886,-0.7369310767977215,-1.039926408222551,0.22576524780568477,0.48229119070565896,-0.5777852443188515,-0.016466619701050834,-0.4180010761763572,0.0,0,0,0,0,0,0,1,0,En observacion
0.27208082436990577,-0.9524746818759942,-0.17841319815387252,-0.6596504557285686,-0.7490186511763292,0.5540204011461815,0.16756600151784984,0.2606748423446814,-0.965370836925427,-0.7378750599727132,-0.5955535857500727,-1.1977557953117643,-0.07069657843631355,1.4274062749438,0.6390711910014165,0.6388863838380211,-1.039926408222551,-0.7534672328467352,-0.3985779448030751,-1.1783769399676514,0.14218268953571953,-0.9968014283078208,0.0,1,0,0,0,0,0,0,0,En observacion
-0.3694827702262901,0.8711313328167669,0.7292533107370516,1.3541164097055005,0.9081430849363907,1.7650321435114769,0.01909678929721408,-1.0748326701331925,1.1306814000928413,-0.7378750599727132,1.3287918880973373,-1.1977557953117643,2.9620798663853805,0.6626631800926276,-0.5311597545117546,-1.035483686209341,0.6645488773725119,-0.7534672328467352,0.3320572268815472,-1.1783769399676514,1.3636950012797955,1.0369082252183512,0.0,1,0,0,0,0,0,0,0,En riesgo
-0.8233167465712222,-1.5248064157180299,-0.35994649993205735,-0.981651084109912,-0.2622440160099927,-0.6068666830086299,0.12381303367160518,-1.0748326701331925,-0.965370836925427,-0.7378750599727132,0.8589696690592683,0.07676218236441822,0.35672094882426775,0.002947209434691626,0.9715687403903968,-1.035483686209341,-1.039926408222551,-0.7534672328467352,1.780353479288234,0.6612094529399305,0.9297041726168189,-1.3973009501864313,0.0,0,0,0,0,0,0,1,0,En observacion
-0.09262549919274989,-0.49797595206025985,0.0031201036243122936,0.5291021281030076,0.09951199700979854,0.9845403640717072,-1.5440113168330223,-0.15421092445815313,0.23937624846387542,1.9768200565405842,-0.3561292944919598,0.34980823322584714,0.10493489991463792,0.5915898040917776,-1.5482798817759325,-0.2998724276877562,0.18634118244610529,1.6661346394202798,-0.5307148449999989,0.025778911166717544,-0.13926265666868587,0.9565446836791541,0.0,1,0,0,0,0,0,0,0,En observacion
0.11375901194134344,-0.7055864829637434,-0.5414798017102421,-0.6737977906231329,-0.687839325445041,0.30865656698425226,-1.0848273532684658,0.09715385567793924,-0.965370836925427,-0.7378750599727132,0.3058040272395498,-0.18418423560791553,1.1418269746776404,1.0817576890906158,-0.9574535194819356,0.4438935006711081,-1.039926408222551,-0.7534672328467352,0.6745766879050124,0.0675071787111807,1.5545086198239557,-0.4432050153025262,0.0,1,0,0,0,0,0,0,0,En observacion
-0.9290604431839911,-0.30158761201642426,-1.0860797070447965,-1.1094506999299925,-0.2649039866939617,-0.4082568054036105,0.04313466175198363,-1.0748326701331925,-0.965370836925427,-0.7378750599727132,-1.0153547071800222,0.6285893701965579,0.4888808598146405,0.5378300070729805,1.0366311041764118,-1.035483686209341,-1.039926408222551,-0.7534672328467352,-0.7920179990333138,1.6632146580264342,1.2730780409785913,-0.4176505665898358,1.0,1,0,0,0,0,0,0,0,En observacion
0.8404992693483367,-0.447476093191845,1.6369198196279757,2.177345576947906,0.20591082436856073,1.8792291909127534,2.7041877421734357,-1.0748326701331925,1.9640324441775785,0.05574857625277274,-1.3260872699155752,-0.466882016750819,0.5675739160586079,0.2887829404776514,0.7540673055250919,-1.035483686209341,0.9441139103975849,-0.28279410079417194,-1.2577437541330772,-0.7999705873869849,-0.19783534791729257,0.8514966784352564,0.0,0,0,0,0,0,0,0,1,En observacion
-0.015713662342700104,-1.0590854950426478,0.3661867071806819,-0.3910332472583878,-0.4697217293595787,-0.15013660894927422,0.5225185181356744,0.5103015367276367,-0.965370836925427,-0.7378750599727132,0.7630645571038507,-0.09962668553325685,-0.19048137171090118,0.10391088319461868,0.7917894190633759,0.725422517893519,-1.039926408222551,-0.7534672328467352,0.9193233317676809,0.009552170856773713,-0.10881369450022746,-1.2000660454011287,0.0,1,0,0,0,0,0,0,0,En observacion
0.3197058040698503,0.9496866688343012,-0.9045464052666118,-0.6311372005075928,-0.7543385925442673,-0.32422172624725104,-0.7240168677330919,-0.24351095193688815,-0.965370836925427,2.780165253194505,-1.3260872699155752,-0.2909827293746679,-0.6545482860528464,0.08674157200462976,-0.5144592943889432,-0.007262527505053171,-1.039926408222551,4.100243984385446,-1.2577437541330772,-0.08622526281633554,-0.5357689036407353,0.44348016286875364,1.0,0,1,0,0,0,0,0,0,En observacion
1.2932389481793023,-0.10519927197258845,-1.2676130088229813,-0.6455881262797228,-1.0336355143610179,-0.01687766254157562,-1.1683741099684042,0.21158566364122108,-0.965370836925427,2.0731242645347705,-0.45128220949086423,-0.5070276195157933,-1.0538044877422499,0.5572287512571499,-1.071435286500664,0.5665573226599786,-1.039926408222551,3.1514142843129185,-0.2357827650348464,-0.34072130340331036,-0.9889579071615227,1.5056187661039293,0.0,1,0,0,0,0,0,0,0,En observacion
0.6929534077020452,-1.4855287477092627,0.3661867071806819,0.957468856348289,-0.21170457301458062,1.4958990511372716,-1.3461735665624228,0.05628535283390996,1.3995920868982226,-0.7378750599727132,0.19899205941469267,-0.4814295522475344,1.3146026566326419,0.7217970177939836,-1.405768392587077,-0.23614325221719254,1.0890479154290915,-0.7534672328467352,-0.24675129160975268,-0.6854283178442658,0.5470395777932558,1.0271501635626565,1.0,1,0,0,0,0,0,0,0,Saludable
-0.7393898867105867,0.45029917557997595,-0.17841319815387252,-1.207158387965755,-0.5255811137229288,-0.8428157987588508,-1.3547383211177355,-0.7299400863620864,-0.965370836925427,-0.7378750599727132,0.47234043341154563,2.7129434705480695,-0.7337173083628056,-0.18065223423723692,-1.2204805851682918,-0.44949886958953006,-1.039926408222551,-0.7534672328467352,1.6085923540050489,5.2919147923844125,-0.4898653775929647,-2.0706295771996555,0.0,0,0,0,0,0,1,0,0,En observacion
-0.8126387066191486,0.3212439806940265,0.9107866125152364,0.12004377967090835,0.6607658113272689,-0.008567139499141698,0.2664242769746921,1.595336799591299,-0.5601909066377236,-0.7378750599727132,0.8538547297549793,-0.8096583218921771,0.72416675176989,-0.11822892051291088,0.13656158319924663,1.4023155395738456,-0.5687003897463002,-0.7534672328467352,0.6092190735285465,-0.8333389941281918,0.5007259888014068,-1.0020499017966957,1.0,1,0,0,0,0,0,0,0,En riesgo
1.2272988837719168,-1.2610849305163077,0.9107866125152364,-0.060325632508458744,-0.8128579475915865,0.3695326011587243,0.5356484484681115,-0.9685275874480913,-0.965370836925427,0.7077007224847082,1.8736081436997605,0.4650694760075158,-1.0538044877422499,0.4474712344840568,0.5169614341177888,-0.931918046851048,-1.039926408222551,0.817467842696502,1.6664215726676128,0.39914428984772443,-0.9889579071615227,-1.2593290329196882,1.0,1,0,0,0,0,0,0,0,Saludable
-0.3710435840488424,0.164133308658958,-0.5414798017102421,-0.698097204463496,-0.4324821397840119,0.5512599127229952,0.10401713870885385,-1.0748326701331925,-0.965370836925427,-0.4804056080008748,0.43051828262941844,-0.2099921230996848,-0.5400784471818332,1.4876069885083252,0.5973463882414553,-1.035483686209341,-1.039926408222551,-0.3866464460503949,0.8468990184477189,0.050172116701323446,-0.3867944717295598,-0.49767184696855005,1.0,1,0,0,0,0,0,0,0,En observacion
0.06317366949308921,0.35491055327296983,-0.17841319815387252,0.45463735765367885,-0.06274621471231354,0.24208520932615432,-0.8687692996750072,0.18293073635977522,1.5863784475982843,-0.7378750599727132,0.19515585493647603,-0.8450479995909177,0.06447778430534018,-0.07135829029661393,-0.9855193022892175,-0.007120998212931403,1.6177835571073285,-0.7534672328467352,-0.09099429703814929,-0.8975560898549846,-0.1498668774436388,1.18865297248546,2.0,0,0,0,0,0,0,0,1,Saludable
-0.7849587389763942,1.3649077306412682,-0.5414798017102421,0.3900696498129938,0.8416438178371644,-0.7808936847608556,-0.8167343757729175,0.5111940672495178,1.6483004615667072,0.4255729375511617,-0.7672049312263575,0.7491660586404881,-1.0538044877422499,-1.048711244154022,-0.9296834520580026,0.28794712521764676,1.7382763192444415,0.329445412809857,-0.8202793246399525,0.40362201551016674,-0.9889579071615227,1.941440522811097,1.0,0,0,0,0,0,0,0,1,En riesgo
1.0669497412122166,-0.9636968727356419,0.3661867071806819,0.7856728505513788,-0.44844196388782626,-0.7125498029573433,2.5231159029427177,0.6209283461502676,0.3431993542717877,1.0261830927704236,0.3110694059351415,-0.8886906060810641,-1.0538044877422499,-1.0956769877911419,1.5238644247859756,0.2211296009204947,0.1953275408194031,0.7046942084879115,-0.11970024216910638,-0.9553516935123778,-0.9889579071615227,0.7434080413051174,1.0,0,0,0,0,0,0,1,0,Saludable
3.9147668699405966,-0.3857540434637822,-1.2676130088229813,-0.9916574394344793,-1.4166712928525613,0.08799183976661987,-1.1221163554125873,0.8496980114955804,-0.965370836925427,-0.7378750599727132,-1.3260872699155752,-0.29315087168427456,0.31483593501699475,1.248669399288521,-0.9072255420614477,1.83330454778771,-1.039926408222551,-0.7534672328467352,-1.2577437541330772,0.1347282999969311,0.8833328661374604,0.4196247249516603,2.0,1,0,0,0,0,0,0,0,Saludable
-1.2302571947123873,0.24268864467649226,0.7292533107370516,1.1471888675566813,2.8233219773941087,1.031933591631881,0.8203861376466262,1.435291984430831,0.4956803297158171,-0.7378750599727132,0.5077689100633117,-0.4475086161133662,0.03599914802350112,0.21720699547500397,0.07196081851152816,0.6519918664952287,0.21128257339546916,-0.7534672328467352,-0.10126117029288523,-0.6872276654360188,-0.31659966156142466,0.7276912298530173,1.0,1,0,0,0,0,0,0,0,En riesgo
-0.9011846538808428,0.6298542293343399,1.0923199142934212,0.22834071751616455,0.9134630263043289,-0.8762031797929646,0.8451512062428846,0.5917097153813178,-0.43051972469506133,-0.7378750599727132,2.992726775599919,0.3468008100221992,0.33768230618459816,-1.096543148367201,0.5942572237039329,0.430679018309089,-0.44052061629546596,-0.7534672328467352,2.3064551537736873,0.14485680820811866,0.13449578487396457,-1.0322001941849352,2.0,0,0,0,0,0,0,1,0,En observacion
-0.33039331113528436,0.848686951097471,-0.9045464052666118,-0.32540904316377406,-0.2196844850664878,-1.166461273047762,-0.7731026072835879,1.190973497888537,-0.965370836925427,3.819713988383063,-1.3260872699155752,0.36232750656196283,-1.0538044877422499,-1.2622094523666412,-0.6989692011253025,1.4134077592969854,-1.039926408222551,4.741152658264582,-1.2577437541330772,0.4635790155357514,-0.9889579071615227,1.2429803026460924,0.0,0,1,0,0,0,0,0,0,En riesgo
-0.1610478911186592,0.6017987521852205,-0.723013103488427,-0.21741569619608359,-0.2808638107977758,-0.32811546781258727,-0.08909383664206838,0.1670061128377915,0.5986418329859045,-0.4577726001284241,0.38260333649953526,-1.1977557953117643,-1.0538044877422499,-0.26035146269748566,-0.013782235929990776,0.24943672971145264,1.0215269128429239,-0.43018365397818253,0.40072031162518384,-1.1783769399676514,-0.9889579071615227,1.016210005611646,1.0,0,0,0,0,0,0,0,1,En observacion
0.7360687297523275,-0.5540869063584987,1.6369198196279757,1.022328011431437,-0.2063846316466425,0.11269094671091637,-0.7399343832745696,1.256128225985857,0.9770894108500376,-0.33918981615240723,0.7110877474087968,1.8689765915150625,-0.05451373219259449,-0.46991390177980796,-0.9790290751863757,0.5834318275547502,0.6786291004873487,-0.44459770055773823,0.06949532921284453,0.8957341420510941,-0.3520284289962928,-0.5425573069471972,1.0,0,0,0,0,0,0,0,1,Saludable
-0.985151829965677,-0.3520874708848391,-1.4491463106011662,-1.0790308939979036,-0.17180501275504478,-0.1365085134705975,-0.28151801563713996,0.7209857151822012,-0.965370836925427,-0.7378750599727132,-1.3260872699155752,-0.312943912768748,-1.0538044877422499,0.9994208445205922,0.47042178670549795,1.7815278081775137,-1.039926408222551,-0.7534672328467352,-1.2577437541330772,0.1732103131142524,-0.9889579071615227,0.7275944483208223,0.0,1,0,0,0,0,0,0,0,En observacion
-1.5690747428788339,0.06313359092212793,-1.0860797070447965,-1.0788973140117748,1.1103008569180388,0.06829066975693403,-1.2170558516625176,0.04698424529009647,-0.965370836925427,-0.7378750599727132,0.21621736971884212,0.38393898958352574,-1.0538044877422499,1.3819703949208115,-1.0255264221019493,0.7241142539233508,-1.039926408222551,-0.7534672328467352,1.0115632264214491,1.2375348801879869,-0.9889579071615227,-0.3304877989462015,2.0,1,0,0,0,0,0,0,0,En observacion
